20070831,1007.826,1148.506,952.503,1148.506,6056193600,124920958000.000
20070928,1163.409,1216.226,1108.775,1216.226,4660086200,98626785000.000
20071031,1233.757,1233.757,1044.035,1132.809,2948727400,73174522000.000
20071130,1131.723,1131.723,999.663,1031.134,1972808100,41232216000.000
20071228,1030.965,1222.460,1030.965,1210.523,2158002400,44383476000.000
20080131,1209.448,1264.831,1062.264,1062.264,2575233800,56795637000.000
20080229,1060.031,1160.667,1014.925,1160.667,1391255100,29461090000.000
20080331,1157.150,1198.940,885.475,886.907,2451873100,46096183000.000
20080430,884.256,884.256,689.559,849.489,2711419700,38097005000.000
20080530,862.012,902.266,792.424,807.749,2963389200,43154016000.000
20080630,804.936,818.248,590.910,599.826,1104496020,14005044000.000
20080731,600.721,744.076,589.083,706.153,3083726900,36051836000.000
20080829,701.750,718.100,555.005,578.128,1351426800,12706816700.000
20080926,573.066,573.066,523.477,571.038,1521758400,12547563000.000
20081030,568.823,568.823,485.954,486.839,1744707100,14408407000.000
20081128,482.772,671.229,482.772,594.559,5218820700,43072817000.000
20081231,591.996,699.529,591.996,608.883,6404213400,53843879000.000
20090123,620.268,751.832,620.268,741.490,4383684900,40612495000.000
20090227,748.089,950.640,748.089,806.922,8390606900,91568122000.000
20090331,790.958,961.591,790.958,961.591,6148416600,69661481000.000
20090430,964.139,1061.883,938.787,1006.085,6819308700,79284791000.000
20090527,1009.793,1106.289,999.569,1074.831,5122653300,59246761000.000
20090630,1083.053,1157.511,1076.286,1135.596,6780126300,83686846000.000
20090731,1130.902,1305.948,1130.902,1292.502,8908869600,110419404000.000
20090831,1299.803,1351.709,1070.950,1090.143,7134966200,92604161000.000
20090930,1081.305,1282.552,1077.804,1148.996,6159219300,74025031000.000
20091030,1167.058,1306.281,1167.058,1279.529,4203567600,54309308000.000
20091130,1245.528,1528.534,1245.528,1467.492,8010161200,108771752000.000
20091231,1472.903,1560.254,1410.790,1538.801,6755371800,98720684000.000
20100129,1545.201,1626.393,1405.998,1417.342,5730507400,89407400000.000
20100226,1403.030,1509.344,1373.346,1509.344,4328456300,54103163000.000
20100331,1507.558,1592.572,1476.152,1592.572,6512979300,88843145000.000
20100430,1593.947,1673.174,1466.822,1466.822,8348861300,121678500000.000
20100531,1438.698,1494.827,1229.545,1332.115,6082730000,79133093000.000
20100630,1319.407,1400.307,1234.997,1234.997,5017223700,63349414000.000
20100730,1232.532,1458.202,1198.631,1458.202,7925438300,106189454000.000
20100831,1459.006,1620.036,1450.208,1620.036,9743220100,151364770000.000
20100930,1622.115,1667.753,1558.546,1590.213,8316478100,117972002000.000
20101029,1599.408,1814.782,1599.408,1814.782,13812276000,208052880000.000
20101130,1818.835,1940.073,1743.378,1868.518,15636051000,272371870000.000
20101231,1861.074,1954.073,1753.519,1836.066,10377374100,182231020000.000
20110131,1846.311,1889.365,1639.469,1798.099,8214422100,134570350000.000
20110228,1796.567,1977.176,1764.437,1955.143,9637123500,168035730000.000
20110331,1961.628,1999.872,1882.552,1883.593,14049161000,247638460000.000
20110429,1884.993,1944.260,1727.126,1750.255,7924319000,135808000000.000
20110531,1751.453,1781.763,1560.502,1607.853,5979106500,86965210000.000
20110630,1608.790,1683.317,1534.821,1678.174,7162855900,99813852000.000
20110729,1680.968,1815.890,1673.168,1710.423,8133976600,118654456000.000
20110831,1705.002,1735.702,1511.972,1659.456,7073886500,95033130000.000
20110930,1661.191,1670.727,1456.408,1473.331,5258474700,61324875000.000
20111031,1478.926,1540.026,1385.780,1537.648,5014133200,59827958000.000
20111130,1524.956,1613.558,1438.903,1454.196,7268191400,92865877000.000
20111230,1493.944,1511.193,1153.185,1206.485,5613348000,62963273000.000
20120131,1218.022,1228.893,1086.529,1179.381,4989659400,51656178000.000
20120229,1177.568,1385.563,1171.721,1342.549,8845091700,102053497000.000
20120330,1336.596,1442.932,1231.694,1241.335,9434215900,113502532000.000
20120427,1241.528,1356.297,1237.234,1295.608,7417289200,82882255000.000
20120531,1305.421,1360.446,1250.253,1332.401,10388986500,121262016000.000
20120629,1338.817,1341.807,1194.798,1225.304,6386086400,72884240000.000
20120731,1231.721,1250.959,1056.969,1058.316,7608031600,76234101000.000
20120831,1053.989,1151.528,1052.047,1086.988,8434474500,82677503000.000
20120928,1083.455,1192.150,1028.240,1075.395,11768596800,104658481000.000
20121031,1073.602,1118.984,1031.496,1039.946,6991357200,59330429000.000
20121130,1040.090,1067.699,905.282,921.219,6770579900,57160726000.000
20121231,917.073,1105.394,880.312,1092.782,14082675000,118706133000.000
20130131,1098.853,1181.070,1080.549,1145.016,14518549000,138491650000.000
20130228,1142.916,1193.046,1128.989,1185.651,9927768000,100040153000.000
20130329,1183.576,1199.789,1107.066,1115.419,11047066900,115967154000.000
20130426,1111.272,1126.496,1048.557,1055.047,6603174300,63646533000.000
20130531,1050.658,1219.464,1048.476,1206.024,11008212300,113171218000.000
20130628,1206.152,1206.152,914.579,976.692,8342371100,77976074000.000
20130731,976.641,1087.833,958.276,1045.076,11527278800,105955536000.000
20130830,1048.676,1160.543,1048.060,1130.949,12545853500,112376885000.000
20130930,1128.477,1212.106,1120.237,1176.993,14952524000,118044771000.000
20131031,1176.968,1288.034,1141.020,1170.658,12436884500,126522099000.000
20131129,1164.573,1273.479,1144.996,1272.953,11400440900,114946856000.000
20131231,1239.945,1264.994,1174.138,1236.780,11875137000,116580187000.000
20140130,1233.928,1302.163,1164.070,1284.891,10015614900,108535291000.000
20140228,1276.050,1415.073,1273.058,1327.166,10583678700,117475702000.000
20140331,1326.223,1370.556,1269.695,1278.524,11353542400,113852571000.000
20140430,1271.989,1336.883,1198.402,1229.081,9130054200,87171729000.000
20140530,1224.650,1255.750,1196.641,1240.039,7121258700,66904197000.000
20140630,1241.626,1305.577,1222.977,1304.251,9213420000,86950941000.000
20140731,1306.351,1386.386,1298.283,1386.386,17402778000,148968020000.000
20140829,1385.350,1522.834,1371.085,1487.465,17871831000,165912560000.000
20140930,1489.988,1723.889,1489.643,1723.391,29301455000,248233550000.000
20141031,1723.474,1822.836,1695.779,1809.599,23971686000,216710380000.000
20141128,1810.980,1927.522,1757.561,1920.833,28777259000,266996430000.000
20141231,1918.177,1960.063,1750.480,1790.835,53434449000,514681940000.000
20150130,1790.185,1949.634,1732.186,1912.194,27864499000,300241950000.000
20150227,1897.756,2010.681,1837.997,2010.681,13501842000,164643390000.000
20150331,2029.500,2624.401,2027.240,2597.110,43628392000,585317730000.000
20150430,2596.712,3248.389,2591.527,3205.292,60239563000,880438400000.000
20150529,3223.432,5329.510,3115.655,4979.719,62281710000,1089162730000.000
20150630,5043.625,6188.351,3987.299,4588.648,59718056000,1136390450000.000
20150731,4521.095,4831.533,2777.844,4165.511,55961726000,737526530000.000
20150831,4105.615,4844.825,3044.936,3352.116,46427178000,621458270000.000
20150930,3290.672,3347.579,2777.915,3168.158,33360464000,364414570000.000
20151030,3283.391,4001.553,3246.771,3873.185,42894652000,541071570000.000
20151130,3759.186,4741.957,3741.828,4365.976,50560146000,728155240000.000
20151231,4352.959,4863.228,4145.342,4728.271,32586103000,500024300000.000
20160129,4710.643,4717.345,2964.847,3144.088,21721906000,271084930000.000
20160229,3136.609,3646.747,3013.503,3049.675,17020481000,196901390000.000
20160331,3045.100,3756.563,2982.553,3712.923,29171029000,335820990000.000
20160429,3701.709,3976.632,3613.587,3737.517,25245919000,290962560000.000
20160531,3741.805,3938.327,3391.333,3721.894,19028679000,226105400000.000
20160630,3724.359,4071.393,3607.919,4044.388,21551245000,318664210000.000
20160729,4039.312,4205.086,3845.766,3884.264,23648896000,319630470000.000
20160831,3864.535,4123.921,3773.877,4106.923,18517245000,260501960000.000
20160930,4109.983,4223.865,4041.009,4117.816,18542705000,249976280000.000
20161031,4140.503,4426.894,4140.503,4378.222,18591014000,248390450000.000
20161130,4384.086,4834.024,4379.758,4620.025,31693839000,464231160000.000
20161230,4621.789,4652.317,4170.473,4327.260,19223825000,263545690000.000
20170126,4332.244,4474.635,3916.527,4211.171,17092285000,236526400000.000
20170228,4210.128,4484.456,4171.820,4465.335,23001230000,280017800000.000
20170331,4464.631,4675.293,4409.408,4438.405,30443194000,429321510000.000
20170428,4469.049,4585.319,3883.591,4056.238,21171112000,277066110000.000
20170531,4056.204,4110.686,3595.210,3719.121,18311325000,278849740000.000
20170630,3695.883,3871.139,3505.960,3797.174,19876598000,272764010000.000
20170731,3799.690,3889.121,3448.253,3634.542,20937171000,237409880000.000
20170831,3636.790,3794.524,3542.145,3786.369,23942897000,260628990000.000
20170929,3787.535,3932.015,3779.056,3864.871,21710770000,270467600000.000
20171031,3900.405,3990.006,3765.709,3821.706,14461382000,188843040000.000
20171130,3820.701,3918.193,3533.955,3584.629,21083100000,275354600000.000
20171229,3577.135,3624.397,3395.639,3520.465,18252819000,219493750000.000
20180131,3533.851,3593.111,3321.619,3331.585,22912615000,261445630000.000
20180228,3320.118,3325.951,2876.881,3183.897,11772891200,133137450000.000
20180330,3161.380,3423.252,3018.081,3354.960,19011464000,217504390000.000
20180427,3367.749,3404.191,3157.343,3254.910,16841498000,197243890000.000
20180531,3252.644,3450.260,3147.791,3203.506,18458663000,222109290000.000
20180629,3181.981,3226.389,2683.807,2870.931,16010058000,164607320000.000
20180731,2874.524,2977.641,2702.691,2913.905,19370119000,188956810000.000
20180831,2918.893,2935.583,2645.595,2677.292,19412655000,165971540000.000
20180928,2672.077,2733.473,2587.291,2691.389,16843587000,128534723000.000
20181031,2654.070,2658.712,2221.332,2435.087,15318760000,114113063000.000
20181130,2465.620,2738.929,2452.452,2592.190,23393947000,176960150000.000
20181228,2650.374,2699.008,2455.775,2463.584,15126847000,119045563000.000
20190131,2466.396,2632.336,2409.171,2421.395,19225432000,143485140000.000
20190228,2425.382,3000.932,2425.382,2951.884,26100061000,190173840000.000
20190329,2959.031,3329.408,2934.570,3251.565,53097609000,428914680000.000
20190430,3267.728,3481.762,3062.968,3109.723,42905275000,388005310000.000
20190531,3012.666,3072.848,2832.604,2997.448,23404485000,203383090000.000
20190628,2998.797,3113.394,2817.522,3055.743,23776620000,204482550000.000
20190731,3106.072,3153.936,2892.749,3015.499,25702413000,260836490000.000
20190830,2996.139,3022.023,2787.960,2910.203,23219316000,290025450000.000
20190930,2906.998,3177.013,2906.998,2989.607,25313825000,269339740000.000
20191031,2987.788,3108.947,2915.787,2916.998,16591302000,171110990000.000
20191129,2902.813,2954.094,2783.531,2806.639,16980992000,180318670000.000
20191231,2805.854,3052.692,2786.157,3036.479,24977462000,269554720000.000
20200123,3052.572,3208.920,3035.823,3065.876,23550137000,264866190000.000
20200228,2766.421,3286.979,2596.472,3048.187,39336150000,456996290000.000
20200331,3079.532,3360.420,2880.965,2897.170,47183727000,485325850000.000
20200430,2888.682,3054.324,2795.845,2958.001,33733803000,328379480000.000
20200529,2931.496,3127.981,2930.035,3104.940,29989272000,347652240000.000
20200630,3119.230,3328.122,3119.230,3321.644,30848262000,383747230000.000
20200731,3331.432,3856.478,3300.470,3764.066,60362975000,727098740000.000
20200831,3791.626,3991.501,3733.207,3946.803,44958283000,568313290000.000
20200930,3940.782,4010.974,3609.748,3632.394,42094005000,521508090000.000
20201030,3684.743,3870.270,3660.601,3661.756,22592524000,336655130000.000
20201130,3662.179,3842.798,3650.880,3708.343,31377007000,451644020000.000
20201231,3702.597,3790.914,3419.426,3497.659,35877508000,466013990000.000
20210129,3504.512,3562.411,3214.102,3246.835,38796818000,582657540000.000
20210226,3230.954,3487.653,3104.356,3401.704,28537465000,416950310000.000
20210331,3408.608,3590.444,3309.009,3463.922,48213484000,611928640000.000
20210409,3462.011,3573.905,3443.591,3536.377,9446816100,125678449000.000
