20070831,988.854,1125.776,924.768,1124.375,1113914170,9090097500.000
20070928,1134.819,1181.548,1044.544,1063.230,1164969520,9432563900.000
20071031,1071.633,1094.249,777.049,858.075,482885550,3421558800.000
20071130,874.315,889.514,803.394,822.362,276310070,1862904200.000
20071228,819.551,996.063,819.551,976.080,501719520,3508891900.000
20080131,989.595,1104.917,864.706,903.193,984694570,7451831400.000
20080229,907.581,984.403,839.917,973.858,327478910,2350143200.000
20080331,971.472,1004.089,812.624,856.076,570536180,4572710000.000
20080430,852.186,852.186,683.190,813.442,513962650,3304151000.000
20080530,812.118,842.599,739.771,739.771,534201060,3517605900.000
20080630,733.465,749.344,529.327,547.167,314947160,1588156100.000
20080731,551.735,674.020,532.614,617.930,466581990,2538747300.000
20080829,616.866,624.365,455.107,479.981,218926220,979036940.000
20080926,472.216,480.024,379.987,415.528,185697080,622059290.000
20081031,414.397,414.397,291.084,302.069,142951780,370580940.000
20081128,297.779,385.213,292.790,351.638,430228600,1149413750.000
20081231,349.284,439.679,349.284,385.211,603678800,2043686800.000
20090123,390.917,450.922,390.917,447.040,436729630,1440736500.000
20090227,447.836,589.698,447.836,474.473,1264962200,4998111600.000
20090331,467.735,610.992,467.735,610.992,812904300,3543554300.000
20090430,622.736,711.079,616.089,682.924,940989320,4496398000.000
20090527,683.360,834.168,683.360,820.101,1107417640,5713689300.000
20090630,824.195,933.755,824.195,901.095,843865340,5178366400.000
20090731,900.220,1034.811,899.130,976.863,1344253600,7712241100.000
20090831,979.258,1005.087,862.638,949.315,1014513050,6694785900.000
20090930,959.180,1056.679,887.171,892.518,674618320,4046937200.000
20091030,912.503,1030.663,912.503,1030.663,510286420,2980669700.000
20091130,1004.729,1241.183,1004.729,1189.608,1514983800,8757435800.000
20091231,1186.888,1287.813,1126.899,1228.795,770612310,5067777000.000
20100129,1234.850,1332.294,1179.622,1220.103,697646200,4419732800.000
20100226,1219.023,1288.940,1171.341,1288.940,286647420,1721894900.000
20100331,1287.771,1402.286,1287.771,1402.286,1499919800,8629558800.000
20100430,1399.281,1462.123,1277.437,1277.437,676325270,4512144900.000
20100531,1257.683,1282.362,1009.248,1111.161,405256960,2211942300.000
20100630,1090.501,1135.476,960.907,961.360,360529620,1938910800.000
20100730,958.495,1135.795,913.629,1131.520,500112340,2592673200.000
20100831,1128.332,1257.900,1128.332,1257.900,621852840,4135132200.000
20100930,1259.023,1312.962,1194.933,1216.197,573730230,4258522600.000
20101029,1222.799,1302.968,1175.877,1302.968,829718290,5643151000.000
20101130,1303.570,1402.627,1193.476,1193.476,1021871930,8028389300.000
20101231,1184.542,1263.317,1100.073,1158.660,350100110,2776936800.000
20110131,1160.025,1173.627,992.506,1069.310,234078740,1626495600.000
20110228,1073.482,1168.544,1058.637,1160.568,289037880,1929381000.000
20110331,1160.032,1231.593,1134.804,1195.010,625148220,4513396000.000
20110429,1209.535,1260.551,1109.740,1133.445,779543590,4200787000.000
20110531,1128.761,1255.712,1113.558,1179.425,551161660,5029687600.000
20110630,1175.055,1224.124,1061.684,1144.523,335523160,3394624600.000
20110729,1141.976,1244.161,1141.976,1163.480,529585470,4557748100.000
20110831,1162.296,1196.234,1067.845,1141.263,588341000,7750211500.000
20110930,1142.189,1147.641,982.999,996.204,206883840,3028402000.000
20111031,999.101,1030.893,935.635,986.932,197439840,1999875400.000
20111130,990.217,1039.811,922.964,940.226,409310170,3965446800.000
20111230,962.361,971.065,707.295,741.811,260680560,1840205700.000
20120131,747.088,760.449,656.611,717.110,228527130,1392091300.000
20120229,718.893,891.438,711.882,863.155,771804040,5890537900.000
20120330,862.905,918.825,787.681,801.366,906335110,7623118400.000
20120427,798.543,907.873,797.910,832.015,992243440,7593836300.000
20120531,842.331,874.402,770.725,815.303,762445200,6012911200.000
20120629,812.204,819.515,709.467,724.585,395361260,2802519100.000
20120731,720.527,724.947,624.808,631.111,412585310,2671387000.000
20120831,631.742,675.261,607.912,618.982,362736260,2429296000.000
20120928,615.577,685.167,575.473,607.942,614003190,4271856300.000
20121031,609.157,656.254,598.036,615.306,963224400,4350156600.000
20121130,614.383,626.293,542.130,561.137,492320520,2541510500.000
20121231,561.137,659.139,534.109,643.165,838538410,4965635100.000
20130131,645.223,678.818,634.861,665.628,957056490,6453870700.000
20130228,666.293,707.106,656.685,696.966,699205310,4701571400.000
20130329,694.875,704.433,621.082,621.834,691474400,4826099300.000
20130426,625.357,661.739,601.426,643.254,480473860,3097202600.000
20130531,637.893,795.260,633.145,765.392,1332654230,9850556900.000
20130628,764.189,772.389,600.661,645.313,585132750,4536658100.000
20130731,642.860,681.177,607.920,631.336,885897220,6000533400.000
20130830,631.862,743.845,629.599,719.853,893298830,5973161900.000
20130930,715.366,792.231,704.018,771.200,1121853780,8043714800.000
20131031,769.160,834.917,695.754,736.449,1236516290,7895936300.000
20131129,733.134,803.994,707.923,796.867,985479660,7813734700.000
20131231,780.360,796.027,715.625,740.585,757992840,5972085000.000
20140130,738.486,777.378,686.235,776.992,528342840,4150088200.000
20140228,772.983,905.368,768.066,823.683,919335790,8809685900.000
20140331,822.035,866.066,792.289,820.816,1001322170,7395508100.000
20140430,816.985,875.826,737.097,764.832,934387990,6682605200.000
20140530,764.719,796.844,743.896,767.382,427169120,4227631300.000
20140630,767.455,776.792,711.317,764.375,400524370,3425063100.000
20140731,765.266,804.119,751.278,803.802,606569900,5477919800.000
20140829,797.693,919.135,782.420,875.097,1973612300,14121554000.000
20140930,873.200,954.805,871.450,954.672,1725531200,12258943000.000
20141031,958.217,987.597,878.045,938.740,1914835000,13706774000.000
20141128,943.836,971.108,879.731,959.745,1555523400,12242496300.000
20141231,957.825,986.207,813.794,828.447,2865899500,20493086000.000
20150130,826.513,912.221,814.178,880.740,1999556000,13732134000.000
20150227,870.347,963.778,838.028,963.308,1068210500,7691767200.000
20150331,965.395,1280.505,954.798,1257.932,4523824900,35014753000.000
20150430,1245.352,1396.756,1178.039,1366.894,6271027600,53356248000.000
20150529,1363.704,1779.524,1227.405,1650.060,6222897600,64909919000.000
20150630,1663.920,2051.586,1363.169,1555.325,7608640000,84826933000.000
20150731,1544.696,1612.094,919.026,1346.813,8448377300,62969703000.000
20150831,1326.012,1761.178,1129.578,1225.923,9263338800,78282817000.000
20150930,1191.443,1258.713,1023.235,1188.813,4645105200,35262934000.000
20151030,1227.194,1556.584,1213.268,1484.246,7186873000,73453635000.000
20151130,1430.978,1675.840,1396.987,1554.965,8685864100,100146757000.000
20151231,1556.174,1711.938,1470.370,1620.004,5305066900,85101409000.000
20160129,1617.412,1621.786,1044.304,1109.951,3773734700,42610252000.000
20160229,1109.174,1311.805,1099.060,1126.498,3145955500,32963453000.000
20160331,1116.667,1351.449,1100.179,1285.581,6163881200,58063297000.000
20160429,1265.830,1317.310,1219.535,1239.810,3923319900,39572113000.000
20160531,1240.824,1268.665,1111.985,1230.883,2282797100,24304254000.000
20160630,1230.980,1303.154,1144.261,1285.807,3166366000,33894485000.000
20160729,1286.611,1369.722,1267.990,1283.878,4041104000,48177935000.000
20160831,1283.621,1360.572,1256.403,1339.613,3567437000,43101225000.000
20160930,1339.211,1403.768,1320.126,1353.010,3171208000,32387358000.000
20161031,1360.144,1413.498,1354.363,1392.224,2834841200,28442561000.000
20161130,1391.338,1445.206,1377.836,1395.286,4424673800,42834132000.000
20161230,1395.159,1403.277,1263.712,1330.967,3197648200,24830313000.000
20170126,1331.572,1391.075,1241.311,1332.003,2418168900,24813214000.000
20170228,1329.944,1384.366,1311.131,1365.027,3794201900,32500606000.000
20170331,1367.509,1383.437,1308.070,1322.841,3522024200,29999565000.000
20170428,1344.487,1437.843,1238.249,1290.635,10926442100,55229819000.000
20170531,1287.584,1302.603,1107.971,1166.772,7701502500,34987147000.000
20170630,1163.952,1279.510,1122.105,1260.416,4280577200,32049312000.000
20170731,1263.671,1273.080,1152.117,1227.075,3138849700,26482455000.000
20170831,1228.268,1276.129,1192.326,1272.683,4176464500,26969199000.000
20170929,1271.071,1337.932,1266.037,1291.461,3580431000,26985583000.000
20171031,1305.406,1353.922,1239.600,1259.651,2601505300,19279727000.000
20171130,1260.920,1285.157,1174.295,1192.996,2636595200,20368172000.000
20171229,1189.885,1203.537,1146.441,1174.333,1791560200,14234308000.000
20180131,1173.987,1210.905,1117.035,1122.397,2373412500,19003764000.000
20180228,1120.302,1122.145,973.512,1074.156,1908518600,10793060600.000
20180330,1067.067,1161.562,1024.353,1100.669,3523396000,28421891000.000
20180427,1096.663,1105.921,1040.223,1057.708,1539622600,10175676000.000
20180531,1058.040,1112.966,1033.400,1085.785,2042777000,13506921000.000
20180629,1092.424,1154.312,952.006,979.149,3985405400,35250932000.000
20180731,972.986,1004.952,899.719,976.558,3832134000,28313959000.000
20180831,985.909,989.965,900.175,905.860,3000894600,17591244000.000
20180928,905.254,925.116,874.923,911.498,2026468100,13663269000.000
20181031,894.435,898.988,722.809,794.899,2818190900,13812871000.000
20181130,806.993,902.680,794.273,845.158,4605121200,25913768000.000
20181228,869.646,900.455,800.958,815.904,2824111000,16529589000.000
20190131,819.636,889.013,815.536,845.383,3499159700,16886071000.000
20190228,839.231,1028.282,839.231,1005.430,6122278500,24735404000.000
20190329,999.395,1120.056,989.252,1086.832,10168712500,44071250000.000
20190430,1094.724,1209.599,1019.002,1049.186,7568354700,43708792000.000
20190531,1015.234,1023.059,946.897,976.711,3394304300,16368321000.000
20190628,975.973,1002.766,927.535,987.821,3114356600,12937622800.000
20190731,1007.984,1012.393,929.064,950.056,2604289500,10395132200.000
20190830,940.232,975.705,862.339,947.119,2467464000,12806316900.000
20190930,944.324,1015.527,942.128,944.053,3754941500,18377382000.000
20191031,941.142,985.657,932.593,935.696,2153343900,11082551700.000
20191129,933.039,945.888,876.774,890.078,2125978600,10350478800.000
20191231,890.549,948.748,884.767,943.916,2950298300,13195995600.000
20200123,949.566,1028.081,942.317,955.516,3978786000,18309483000.000
20200228,864.836,1009.354,807.375,947.859,5006541800,21719255000.000
20200331,951.848,1013.703,872.779,908.077,4330400100,18455538000.000
20200430,918.674,979.312,874.766,916.487,3982234000,22918048000.000
20200529,907.304,947.301,881.782,903.353,2520426700,16715242000.000
20200630,907.256,965.202,907.256,936.941,3318979200,20236077000.000
20200731,939.323,1107.084,934.055,1066.891,6709296300,40857813000.000
20200831,1075.590,1145.538,1068.536,1125.663,5753714200,36900083000.000
20200930,1122.678,1145.907,1040.109,1046.555,4837727100,26348584000.000
20201030,1057.873,1108.235,1046.555,1053.931,3541415300,19022920000.000
20201130,1056.088,1170.337,1053.185,1140.453,6390013300,33150298000.000
20201231,1135.874,1162.521,1032.690,1053.334,5227740900,26552640000.000
20210129,1053.199,1061.233,945.087,952.513,4283087800,20308453000.000
20210226,954.814,1018.373,903.052,998.024,3807060800,15695132000.000
20210331,1000.020,1022.037,961.323,995.931,4527945300,19187173000.000
20210409,998.180,1043.425,997.234,1041.235,2180690900,7336961400.000
