20070831,1004.008,1110.457,917.154,1110.457,2365160400,32919153000.000
20070928,1114.450,1163.280,1040.331,1154.117,2239497200,36292915000.000
20071031,1181.050,1184.688,885.439,965.543,1537064000,24028119000.000
20071130,965.301,965.301,871.191,920.908,901967970,12523275800.000
20071228,923.514,1115.900,923.514,1100.905,1209041750,16730261000.000
20080131,1103.825,1149.720,931.880,942.133,1190129950,18757173000.000
20080229,943.660,1083.259,901.060,1083.259,871350730,10425305900.000
20080331,1081.819,1125.121,863.292,885.670,1290209650,16729355000.000
20080430,878.767,878.767,621.576,755.297,945420870,9999759600.000
20080530,763.383,846.589,738.937,749.406,1160427200,10915041600.000
20080630,747.181,759.366,565.525,575.620,417344770,3573365800.000
20080731,573.263,715.934,564.582,683.120,899870070,6363933000.000
20080829,674.581,696.305,556.622,593.183,450713840,3149043400.000
20080926,590.763,600.016,541.294,563.203,508627160,3683803900.000
20081030,550.528,550.528,454.600,481.892,408839010,2198285300.000
20081128,479.269,620.985,471.656,540.720,901380090,4359742900.000
20081231,539.656,658.905,539.656,587.064,1617741500,8858843100.000
20090123,595.345,690.416,595.345,679.505,976281800,5608772100.000
20090227,682.095,865.030,682.095,722.226,2714445900,17361490000.000
20090331,709.092,871.474,709.092,871.474,1962248500,12805807500.000
20090430,873.041,977.312,866.157,926.849,2749710600,20588896000.000
20090527,924.113,1021.283,924.113,1000.278,2265278400,16831748000.000
20090630,1003.246,1091.602,1003.246,1067.811,2669249600,20930454000.000
20090731,1064.985,1235.455,1064.985,1219.628,3345096700,30327895000.000
20090831,1221.993,1258.297,998.315,1048.154,3039975700,27196207000.000
20090930,1039.536,1220.476,1031.593,1089.854,2413300300,21983333000.000
20091030,1102.402,1240.538,1102.402,1188.251,1356453200,12377005100.000
20091130,1159.254,1453.159,1159.254,1361.435,3114424900,31112867000.000
20091231,1365.796,1432.141,1253.185,1343.773,2031126500,22033149000.000
20100129,1351.642,1446.654,1268.430,1277.730,2065087500,25044689000.000
20100226,1261.235,1366.837,1236.396,1366.837,1039463580,12340698500.000
20100331,1372.173,1486.603,1355.873,1486.603,2381298500,30064577000.000
20100430,1486.430,1569.808,1324.111,1324.111,2526684500,33842844000.000
20100531,1298.668,1361.973,1096.058,1194.055,1272406000,14437977000.000
20100630,1183.139,1267.208,1066.883,1066.883,862595700,10620205400.000
20100730,1068.481,1222.138,1035.413,1220.139,1439795400,16833396000.000
20100831,1223.528,1413.675,1223.528,1413.675,2262876800,28398464000.000
20100930,1410.659,1466.574,1349.594,1377.813,1932468200,26599372000.000
20101029,1386.029,1516.449,1373.397,1516.449,2286439900,33377483000.000
20101130,1522.418,1632.399,1490.016,1576.716,3261401400,54525474000.000
20101231,1568.321,1635.968,1460.898,1537.448,2084087400,35711999000.000
20110131,1545.246,1566.420,1350.059,1440.355,1505696200,23149059000.000
20110228,1439.274,1573.909,1394.684,1560.034,1403678200,24263117000.000
20110331,1561.283,1614.342,1506.010,1510.916,2531345300,39176000000.000
20110429,1510.310,1604.258,1388.378,1419.807,1788910000,27223403000.000
20110531,1420.566,1490.124,1210.615,1298.058,1386773300,19964635000.000
20110630,1297.921,1383.686,1227.271,1357.000,1698513600,23375572000.000
20110729,1361.634,1469.036,1334.891,1381.024,1940860100,29996362000.000
20110831,1378.007,1444.187,1230.640,1335.201,1785525500,27329297000.000
20110930,1337.324,1359.261,1150.505,1174.803,1494214400,19964335000.000
20111031,1178.446,1264.192,1097.190,1227.534,1373470700,17620536000.000
20111130,1217.445,1329.579,1155.166,1168.705,2591662100,35397520000.000
20111230,1201.796,1215.479,935.245,1008.178,1848877400,22570004000.000
20120131,1014.936,1030.771,894.929,969.628,1184450360,12673292300.000
20120229,966.301,1146.215,961.682,1116.377,2362423000,25521745000.000
20120330,1115.608,1204.018,1016.126,1025.354,2530303100,30662372000.000
20120427,1025.183,1115.943,1023.734,1071.964,1517023500,16616357000.000
20120531,1080.920,1130.580,1036.022,1102.868,2087697300,22118961000.000
20120629,1103.706,1109.165,997.238,1023.076,1538354100,16704268000.000
20120731,1030.018,1044.462,900.896,902.926,1769633200,17310294000.000
20120831,896.119,997.385,896.119,953.338,1878718800,17151758000.000
20120928,944.810,1034.882,903.392,939.804,1997165300,19275983000.000
20121031,938.535,982.506,915.582,925.575,1561274400,13130695500.000
20121130,926.555,944.392,785.713,796.128,1187926080,10687165700.000
20121231,792.943,916.426,758.939,910.910,2194155600,18218059000.000
20130131,916.038,981.157,895.424,967.204,2854138600,28243621000.000
20130228,961.884,1009.782,957.083,1009.782,2035143600,21277576000.000
20130329,1009.782,1034.568,951.009,963.267,2964521700,27984734000.000
20130426,961.340,980.465,890.177,901.066,1494157700,14819192000.000
20130531,896.464,1051.874,893.040,1042.157,2621393000,28654865000.000
20130628,1040.719,1043.231,816.890,882.697,2195337800,25798635000.000
20130731,878.535,971.745,844.325,920.385,2703494100,33183969000.000
20130830,921.758,1032.225,921.621,1002.031,2764569400,33529442000.000
20130930,998.748,1058.751,994.954,1048.234,2564269000,29282378000.000
20131031,1049.408,1131.425,1009.630,1049.820,2476171000,32411280000.000
20131129,1037.756,1169.007,1025.046,1168.529,2913358500,36714269000.000
20131231,1136.111,1151.181,1040.352,1137.458,2743027600,34503301000.000
20140130,1134.803,1223.225,1108.165,1191.946,2975661900,43774624000.000
20140228,1182.251,1315.578,1170.050,1204.977,2564062800,40072224000.000
20140331,1205.466,1281.694,1157.740,1190.212,2792425800,37215743000.000
20140430,1181.439,1242.689,1091.630,1124.089,2195830100,26142672000.000
20140530,1122.081,1185.042,1093.220,1166.331,2035995200,24760622000.000
20140630,1159.783,1287.809,1150.971,1284.892,3055719500,35863241000.000
20140731,1289.161,1355.503,1262.265,1355.189,3811224800,60623108000.000
20140829,1352.805,1516.963,1336.668,1475.091,4063583000,53752833000.000
20140930,1476.362,1760.737,1476.362,1756.418,4568144200,71808026000.000
20141031,1756.308,1831.854,1688.138,1804.415,4048142100,69980098000.000
20141128,1803.625,1905.491,1712.659,1887.873,3825433500,64989992000.000
20141231,1884.401,1926.996,1672.591,1703.362,5898089300,105999957000.000
20150130,1699.754,2002.762,1649.302,1978.948,1318350740,30556163000.000
20150227,1978.948,2218.601,1938.162,2218.601,1031525410,25265146000.000
20150331,2279.348,2927.578,2267.107,2832.317,3031942700,89417446000.000
20150430,2838.406,3596.149,2835.149,3515.729,3135564400,108407383000.000
20150529,3522.057,5900.012,3441.894,5533.482,3134042400,107790335000.000
20150630,5597.248,6249.715,4369.784,4963.125,3135756900,131545618000.000
20150731,4842.631,5591.128,3037.634,4431.402,2553271400,77509193000.000
20150831,4335.849,5197.008,3047.917,3300.180,2374043000,68979707000.000
20150930,3195.857,3452.687,2731.027,3382.818,2040955400,43352318000.000
20151030,3533.253,4462.385,3478.133,4362.240,2606961300,67420092000.000
20151130,4199.689,5736.338,4179.485,5419.917,3688544800,125209880000.000
20151231,5370.500,5846.080,4856.558,5454.250,3191781700,108137813000.000
20160129,5438.796,5440.917,3113.308,3302.506,2213989500,57481356000.000
20160229,3286.727,3814.227,2990.673,3011.581,1706248800,45989189000.000
20160331,3013.642,3826.299,2912.833,3775.049,2870377900,74125322000.000
20160429,3768.095,3966.079,3440.562,3545.191,2159582800,59568035000.000
20160531,3554.842,3792.170,3127.438,3551.386,1527423400,32693267000.000
20160630,3551.036,4525.700,3460.748,4494.931,3841910500,72380298000.000
20160729,4509.165,4646.796,4013.914,4037.890,3877648200,82230052000.000
20160831,4020.038,4262.452,3898.051,4215.621,2102684300,44255626000.000
20160930,4244.138,4411.436,3987.847,4120.871,2000092300,35843380000.000
20161031,4149.717,4329.281,4143.427,4205.378,1056350820,21893065000.000
20161130,4209.583,4584.032,4194.910,4425.525,1723970100,51916960000.000
20161230,4442.186,4442.186,3806.589,3946.750,1633280100,53394124000.000
20170126,3954.464,4027.791,3415.804,3626.855,1382175000,42407242000.000
20170228,3632.658,3759.673,3545.208,3737.314,1154952650,30577729000.000
20170331,3743.854,3982.181,3682.767,3711.430,2248759900,61805625000.000
20170428,3737.565,3904.286,3291.892,3456.581,1844857500,45554521000.000
20170531,3440.335,3520.305,3089.333,3196.513,1743340100,40457661000.000
20170630,3167.663,3350.958,2969.360,3191.058,2133375100,45986901000.000
20170731,3206.804,3390.791,2853.457,2964.516,1957357100,42608945000.000
20170831,2966.424,3262.638,2916.324,3257.916,1981658300,41087102000.000
20170929,3268.024,3411.430,3240.707,3359.348,2020846400,42467355000.000
20171031,3393.249,3478.164,3286.244,3352.679,1660519200,34225534000.000
20171130,3350.553,3399.570,2933.112,2978.427,1314296250,32016814000.000
20171229,2954.022,3016.023,2776.487,2888.767,902993510,19785024000.000
20180131,2890.991,2953.478,2710.206,2720.348,1140837290,22753376000.000
20180228,2738.803,2747.476,2296.085,2590.532,735610030,12043467400.000
20180330,2573.237,3053.502,2564.170,3053.502,2304738800,38825687000.000
20180427,3100.865,3151.621,2834.348,2941.769,1995028200,42661321000.000
20180531,2933.813,3136.581,2816.426,2880.724,2128291700,35939135000.000
20180629,2859.992,2944.884,2405.100,2592.153,1424664600,21669637000.000
20180731,2588.653,2748.779,2485.920,2640.141,2003496700,28592713000.000
20180831,2645.091,2659.500,2362.511,2373.769,1481594200,16984956000.000
20180928,2371.750,2412.372,2263.726,2292.382,1362722300,17991222000.000
20181031,2254.052,2254.052,1885.039,2080.014,1361131200,16755836000.000
20181130,2107.721,2345.600,2107.721,2198.535,2630865000,26583418000.000
20181228,2247.443,2291.858,2082.669,2103.211,2601176900,18576085000.000
20190131,2113.263,2295.039,2042.254,2059.993,3450402200,28717886000.000
20190228,2063.195,2590.993,2063.195,2555.375,3629384200,35790073000.000
20190329,2560.631,3006.165,2525.463,2855.906,7813762800,79251818000.000
20190430,2862.305,3067.835,2662.034,2691.762,5821154900,57809044000.000
20190531,2599.735,2738.882,2421.300,2675.999,5580969000,43449628000.000
20190628,2675.014,2834.327,2505.941,2767.413,4070177700,36558421000.000
20190731,2830.703,2886.320,2647.303,2830.266,4688558900,53332758000.000
20190830,2812.465,2837.791,2583.673,2763.891,3676421000,46145263000.000
20190930,2762.402,3175.027,2762.402,2958.251,5360535000,75799717000.000
20191031,2959.297,3109.140,2877.691,2883.392,3209023500,47322723000.000
20191129,2872.339,2961.118,2774.479,2851.243,3086167700,47501499000.000
20191231,2862.713,3284.734,2853.775,3180.717,6471762000,90047431000.000
20200123,3200.647,3399.414,3175.156,3201.566,4840994200,69148909000.000
20200228,2881.818,3488.923,2661.129,3112.239,7802908400,94257102000.000
20200331,3155.993,3431.328,2860.333,2866.261,5846992200,76091810000.000
20200430,2866.563,3092.918,2825.006,2990.924,4272756800,51837948000.000
20200529,2969.860,3146.719,2969.665,3123.668,4357229700,65637064000.000
20200630,3134.608,3349.628,3130.632,3341.327,5009060000,83256132000.000
20200731,3356.128,3859.206,3327.610,3591.357,7554957200,120807846000.000
20200831,3618.938,3908.877,3551.100,3867.420,7901134300,94648596000.000
20200930,3854.950,4011.934,3472.109,3490.453,9782600400,123468642000.000
20201030,3542.094,3858.640,3542.094,3676.490,5848510200,89009699000.000
20201130,3673.038,3883.018,3543.602,3552.895,6252761200,86343341000.000
20201231,3549.072,3627.222,3160.651,3274.270,3959750300,59406125000.000
20210129,3284.740,3338.472,2973.370,3006.108,4080618700,59947289000.000
20210226,3002.247,3036.096,2738.632,2972.063,2487302200,37245254000.000
20210331,2975.520,3130.684,2874.546,3014.166,4458336000,56898184000.000
20210409,3013.315,3097.040,2987.884,3046.653,889074440,11438459300.000
