20070831,1005.916,1138.169,941.068,1138.169,2307708300,32684208000.000
20070928,1151.041,1172.737,1080.558,1172.737,1779594100,27366870000.000
20071031,1185.628,1185.628,889.931,963.499,847728230,13191930000.000
20071130,960.395,994.222,908.121,918.924,583773250,8987426400.000
20071228,904.437,1139.210,904.437,1139.210,1002032980,16458416000.000
20080131,1144.726,1244.980,1017.900,1021.499,1458284400,25888885000.000
20080229,1029.923,1158.428,999.039,1158.428,687022140,10180935200.000
20080331,1162.237,1208.089,879.096,879.168,838700200,13014016700.000
20080430,875.597,898.440,717.631,898.440,998355860,12155316600.000
20080530,915.280,956.774,839.007,840.745,1143625170,15300180000.000
20080630,836.619,855.445,605.590,646.961,837141510,7925298400.000
20080731,649.947,755.725,631.408,699.459,1838756500,20778549000.000
20080829,690.080,746.078,515.164,539.055,1427014400,11710746600.000
20080926,532.398,539.170,461.534,526.290,1338123520,9052055000.000
20081031,513.266,524.232,384.651,384.651,953830980,5847199200.000
20081128,384.180,482.568,373.535,452.825,1561237500,8190294200.000
20081231,449.641,550.700,449.641,493.210,2181944000,13058642400.000
20090123,498.433,551.220,498.433,549.103,1168833890,7224219200.000
20090227,553.159,710.977,553.159,596.294,3308706300,25858076000.000
20090331,590.403,710.942,590.403,710.942,2295449300,17336037000.000
20090430,718.364,823.907,718.364,780.211,3278302500,30549326000.000
20090527,785.017,878.342,774.198,854.900,2627476800,25140922000.000
20090630,858.775,931.138,858.775,898.479,2342576500,23338364000.000
20090731,895.277,1059.234,895.277,992.677,3627754600,38158502000.000
20090831,996.464,1031.103,840.679,899.802,2526286600,25059366000.000
20090930,884.927,1063.176,876.999,902.186,2483413900,28302155000.000
20091030,915.452,1055.116,914.566,1001.155,1673198000,19279995000.000
20091130,971.530,1156.097,965.907,1098.154,3668326400,48168311000.000
20091231,1094.772,1148.702,987.732,1069.228,2180796000,30300329000.000
20100129,1073.837,1217.041,1057.684,1100.630,3432335300,47610064000.000
20100226,1093.694,1190.036,1043.941,1184.802,1994464000,25753295000.000
20100331,1187.133,1276.605,1153.028,1272.388,2957959000,43668410000.000
20100430,1270.432,1369.341,1153.007,1177.238,2591400800,41350285000.000
20100531,1153.166,1223.700,1000.096,1092.356,1716786600,24122971000.000
20100630,1082.494,1173.738,958.746,982.378,1301904550,18811979000.000
20100730,975.334,1093.620,914.005,1089.193,1613758500,19489486000.000
20100831,1091.339,1196.411,1073.213,1192.481,2525396500,33787622000.000
20100930,1193.827,1203.911,1132.776,1150.339,2543283100,32509406000.000
20101029,1158.078,1231.844,1089.838,1223.564,2819058900,37964006000.000
20101130,1222.919,1291.632,1148.362,1190.891,3822796200,58676185000.000
20101231,1188.036,1247.794,1117.764,1165.490,2166689200,33441900000.000
20110131,1168.592,1174.190,996.902,1059.575,1193030170,16337430000.000
20110228,1056.770,1113.574,1040.331,1113.574,1260786560,16692086000.000
20110331,1116.271,1158.806,1092.250,1106.344,2054899400,28219866000.000
20110429,1105.437,1129.659,1021.162,1033.417,1656615000,21253195000.000
20110531,1035.765,1059.873,941.170,962.872,1275593080,16492452000.000
20110630,962.908,975.522,913.456,966.649,1155425850,12398293900.000
20110729,966.968,1048.446,966.610,994.679,1585831100,18783832000.000
20110831,995.461,1038.490,895.804,1012.426,1536213200,24026389000.000
20110930,1015.887,1021.711,916.607,933.233,1010455770,11944564500.000
20111031,942.411,1187.310,925.422,1174.719,4151197500,50116971000.000
20111130,1163.751,1274.432,1095.604,1103.643,7011134700,102996490000.000
20111230,1135.392,1167.206,940.401,980.411,5861184500,81457998000.000
20120131,988.499,1046.146,858.244,924.401,3028643900,38337874000.000
20120229,915.998,1090.945,904.247,1051.711,5544234300,72070122000.000
20120330,1042.446,1125.184,950.168,961.373,5435275900,66579637000.000
20120427,960.124,1046.928,955.375,983.982,3032781100,35938840000.000
20120531,987.917,1051.331,928.206,979.364,3095367400,40301099000.000
20120629,976.370,984.183,894.751,916.889,1762734700,24868816000.000
20120731,922.778,943.085,841.127,852.126,2326062300,31365386000.000
20120831,846.842,935.008,846.842,877.908,2042457000,26848512000.000
20120928,876.517,959.514,839.374,875.853,2046922500,27569702000.000
20121031,874.441,942.222,860.440,872.142,2319667700,26942109000.000
20121130,875.381,892.682,725.225,733.996,2428002400,27498121000.000
20121231,716.380,842.213,692.958,841.321,3038528000,32379144000.000
20130131,849.428,918.965,830.467,905.795,3874941800,45128806000.000
20130228,912.135,989.715,896.815,979.934,2753576500,36022814000.000
20130329,977.974,1002.785,907.054,911.156,3353368800,42577808000.000
20130426,908.695,982.522,864.887,940.270,2208124400,33915126000.000
20130531,934.659,1151.464,932.110,1107.184,6473734600,102507982000.000
20130628,1104.664,1130.746,938.900,1078.150,4676338400,68241821000.000
20130731,1072.519,1435.469,1068.812,1316.499,9188739800,144010400000.000
20130830,1314.782,1572.662,1310.993,1455.114,8568984100,143839590000.000
20130930,1458.610,1955.468,1455.189,1937.517,10277962300,193664700000.000
20131031,1949.409,1972.623,1488.004,1509.661,9102234000,180773040000.000
20131129,1500.335,1687.169,1430.127,1680.786,7672698900,143093070000.000
20131231,1603.475,1622.764,1446.431,1522.185,7067155200,145704630000.000
20140130,1526.371,1892.083,1502.072,1864.141,6750758200,140247230000.000
20140228,1857.114,1991.502,1677.201,1741.163,7725175600,145453880000.000
20140331,1727.117,1826.344,1575.312,1580.136,5123248700,96890853000.000
20140430,1576.600,1723.942,1508.329,1573.654,4212936100,73598974000.000
20140530,1567.368,1675.397,1527.709,1629.931,4553522900,72803473000.000
20140630,1627.110,1813.097,1621.887,1813.097,6991539900,117576836000.000
20140731,1815.261,1830.920,1567.666,1719.897,6316873200,107129522000.000
20140829,1711.199,2013.911,1672.248,1898.063,10786207800,179816760000.000
20140930,1896.337,2086.294,1892.424,2053.082,9564924900,173931870000.000
20141031,2056.674,2135.973,2000.596,2078.554,5738559300,109348522000.000
20141128,2076.223,2118.709,1931.784,2090.388,7277408500,132151389000.000
20141231,2087.375,2215.966,1847.547,1880.796,15517907000,287009250000.000
20150130,1879.345,2301.192,1840.358,2243.095,11403277500,230748820000.000
20150227,2239.317,2737.139,2224.914,2726.129,10293159600,225385010000.000
20150331,2736.319,3651.711,2722.039,3598.196,21297907000,522337270000.000
20150430,3604.621,4426.905,3604.021,4344.838,20800191000,595975920000.000
20150529,4378.935,5922.616,4172.961,5515.160,23626555000,805668350000.000
20150630,5579.189,6701.007,3970.638,4659.569,22813327000,760477390000.000
20150731,4637.047,5189.398,2931.204,4397.920,28041281000,715092070000.000
20150831,4306.736,4970.708,3140.696,3474.209,16187976000,407517030000.000
20150930,3380.945,3620.250,2943.677,3510.321,16933689000,318677930000.000
20151030,3637.004,4445.723,3622.885,4379.633,16979057000,411601450000.000
20151130,4272.531,5688.631,4252.524,5270.598,25329481000,728652130000.000
20151231,5255.664,5852.025,4896.112,5590.629,19780447000,596227310000.000
20160129,5578.588,5581.383,3356.864,3557.060,16139187000,398096050000.000
20160229,3539.630,4286.750,3423.922,3456.810,11938118800,264509510000.000
20160331,3439.526,4301.524,3334.413,4233.961,19846372000,402404390000.000
20160429,4198.396,4459.077,3900.531,4006.618,16192771000,340187090000.000
20160531,4012.331,4216.800,3588.248,3967.105,12309824000,208081300000.000
20160630,3972.561,4106.830,3681.578,4031.667,13045856600,242889090000.000
20160729,4038.104,4241.777,3877.901,3921.534,16458706000,299297530000.000
20160831,3902.497,4241.866,3807.672,4199.818,13451740000,257529600000.000
20160930,4201.459,4225.987,3993.557,4068.306,10274123600,205585090000.000
20161031,4090.275,4233.115,4070.872,4170.631,9773668700,192526490000.000
20161130,4170.759,4444.478,4167.196,4302.639,18249131000,383720340000.000
20161230,4300.520,4321.346,3864.759,3881.632,14631085000,269215610000.000
20170126,3891.660,3967.481,3468.024,3713.787,10136522500,176896820000.000
20170228,3710.641,3882.871,3675.588,3864.422,10055688200,182393380000.000
20170331,3878.954,3967.276,3690.064,3710.247,14330659000,283495550000.000
20170428,3708.893,3782.493,3316.652,3457.094,8451798100,140188820000.000
20170531,3450.575,3457.766,3123.626,3211.834,11936503300,188612150000.000
20170630,3193.018,3375.376,3071.495,3291.366,16992967000,246390720000.000
20170731,3288.995,3329.952,2914.878,3140.067,15954388000,207187830000.000
20170831,3141.441,3292.017,3069.143,3292.017,20614578000,286458780000.000
20170929,3300.162,3391.358,3215.512,3258.872,18127453000,249504380000.000
20171031,3287.568,3372.716,3107.417,3132.953,12915625800,181295890000.000
20171130,3133.357,3203.132,2823.863,2842.516,14906959000,221508460000.000
20171229,2839.692,2889.901,2738.284,2804.905,13910261000,181149160000.000
20180131,2804.044,2977.177,2706.750,2777.341,21042254000,254998710000.000
20180228,2772.720,2780.050,2442.996,2686.963,13872193000,171557750000.000
20180330,2671.333,2932.119,2565.806,2818.313,22370386000,293338380000.000
20180427,2826.760,2834.545,2578.021,2631.007,16442436000,206114770000.000
20180531,2626.368,2733.936,2498.841,2544.705,19566088000,224325680000.000
20180629,2529.460,2542.915,2040.983,2171.371,17431700000,163274550000.000
20180731,2171.463,2186.113,2038.721,2088.283,23738394000,197480560000.000
20180831,2087.939,2095.954,1853.707,1858.835,23980163000,175479950000.000
20180928,1852.568,1900.779,1776.150,1833.655,22614399000,146993900000.000
20181031,1796.872,1799.687,1482.338,1623.099,20205948000,116789118000.000
20181130,1626.482,1895.935,1626.221,1761.931,50231427000,306461090000.000
20181228,1804.044,1850.616,1669.727,1687.780,31271249000,199704240000.000
20190131,1694.957,1775.862,1548.506,1563.466,34378573000,210276870000.000
20190228,1560.188,1981.203,1560.188,1945.681,40537356000,256792750000.000
20190329,1948.067,2292.207,1918.074,2132.481,86666283000,609238020000.000
20190430,2146.819,2269.980,1947.360,1985.794,65516040000,496526130000.000
20190531,1914.919,1919.929,1755.573,1788.898,35862627000,245685630000.000
20190628,1789.906,1871.809,1675.213,1811.963,32952849000,225240440000.000
20190731,1842.354,1866.173,1677.439,1727.580,30111301000,210267960000.000
20190830,1717.754,1757.729,1570.030,1713.080,31639550000,208128750000.000
20190930,1712.724,1888.841,1712.724,1744.404,44150928000,310321050000.000
20191031,1742.364,1874.217,1709.919,1775.281,45468340000,292504450000.000
20191129,1763.911,1845.957,1731.259,1755.637,49657081000,354232870000.000
20191231,1754.237,1999.576,1745.326,1963.467,68054240000,481643930000.000
20200123,1979.849,2199.946,1965.620,1982.817,66209044000,542942430000.000
20200228,1804.796,2158.275,1704.505,1991.178,86577876000,739152810000.000
20200331,1999.396,2130.406,1783.437,1790.132,71449356000,560414410000.000
20200430,1783.939,1929.673,1739.826,1827.664,56360665000,406497860000.000
20200529,1803.614,1895.613,1794.478,1885.791,48002942000,382842440000.000
20200630,1902.323,2155.725,1902.178,2103.594,86815690000,754008730000.000
20200731,2102.185,2434.086,2092.618,2232.127,101376360000,993876520000.000
20200831,2251.230,2337.891,2162.266,2309.535,73829940000,663470160000.000
20200930,2307.693,2404.438,2106.757,2119.801,74211719000,603088850000.000
20201030,2143.871,2224.528,2085.908,2086.618,38636403000,363731720000.000
20201130,2086.026,2174.219,2030.033,2057.621,44797593000,410095140000.000
20201231,2053.412,2104.492,1793.522,1852.846,44630485000,380979110000.000
20210129,1855.992,1868.559,1670.716,1755.663,52816205000,462297140000.000
20210226,1738.881,1844.787,1632.199,1778.349,40278102000,328514560000.000
20210331,1782.432,1870.736,1734.896,1790.438,51557447000,408015800000.000
20210409,1790.935,1846.218,1782.734,1830.258,10893358700,80633193000.000
