20070831,1006.117,1336.940,951.746,1336.940,3636802100,99784190000.000
20070928,1343.042,1547.364,1321.008,1547.364,2238310800,64230739000.000
20071031,1590.517,1633.601,1391.201,1528.303,1470161700,60452781000.000
20071130,1531.513,1531.513,1328.969,1347.140,1157691850,46598256000.000
20071228,1349.737,1580.736,1349.737,1561.974,1761603200,64359731000.000
20080131,1558.588,1757.710,1363.912,1363.912,2401370600,102417211000.000
20080229,1368.292,1466.523,1322.096,1465.881,1132413930,40914901000.000
20080331,1471.575,1531.533,1089.695,1100.581,2433674200,84530032000.000
20080430,1097.868,1235.326,959.000,1235.326,3497016700,112273862000.000
20080530,1246.487,1256.108,1038.587,1100.005,2405988200,67226243000.000
20080630,1091.514,1116.010,849.994,853.573,948827550,21267063000.000
20080731,851.021,1094.995,797.197,1009.254,3089907300,68909076000.000
20080829,1000.306,1056.486,821.155,963.806,1794148100,32901692000.000
20080926,949.853,949.853,791.745,858.447,1873183600,31984357000.000
20081030,872.260,872.260,705.241,757.322,2513959400,44808361000.000
20081128,749.532,946.367,738.534,764.740,3224978300,46390768000.000
20081231,758.462,961.597,758.462,830.926,5424013800,74720386000.000
20090123,848.704,979.729,848.704,979.729,2677696800,40779674000.000
20090227,991.906,1297.958,991.906,1059.704,5503605500,83982771000.000
20090331,1059.953,1329.877,1047.954,1329.877,5894701500,97316246000.000
20090430,1332.168,1434.868,1276.366,1354.736,5529916800,92872933000.000
20090527,1359.844,1471.944,1359.844,1420.084,3942955700,66188868000.000
20090630,1433.022,1555.448,1433.022,1538.638,5540341400,112223561000.000
20090731,1537.954,1880.110,1537.954,1805.609,5669448600,126518628000.000
20090831,1816.084,1843.819,1430.356,1430.356,4695575000,112195053000.000
20090930,1416.778,1691.732,1405.775,1488.626,4238595600,91177669000.000
20091030,1517.802,1760.074,1517.802,1702.561,2742435900,65228364000.000
20091130,1655.031,2044.383,1655.031,1939.400,5177736800,118374770000.000
20091231,1935.970,2099.785,1837.656,2020.153,4829903300,119993038000.000
20100129,2023.631,2072.061,1796.659,1809.040,3453284800,87761141000.000
20100226,1813.896,1913.388,1794.878,1901.940,1917331900,55577914000.000
20100331,1919.882,2009.779,1883.231,1999.181,2890427500,73644554000.000
20100430,2000.554,2100.243,1809.527,1809.527,3147345800,81780958000.000
20100531,1774.733,1821.581,1462.972,1577.018,2456386100,64495349000.000
20100630,1565.613,1638.086,1474.432,1498.812,2034056200,44715463000.000
20100730,1492.792,1685.712,1478.767,1682.901,2366873900,42142120000.000
20100831,1685.157,1817.307,1677.871,1811.224,2178924300,36706404000.000
20100930,1810.609,1873.365,1730.042,1775.600,2387333300,57670447000.000
20101029,1784.571,2148.966,1784.571,2073.933,3450434700,105268454000.000
20101130,2074.043,2152.599,1903.483,1925.729,3630471500,98991575000.000
20101231,1922.170,2003.460,1832.730,1883.113,2285767100,64057651000.000
20110131,1895.125,1918.930,1723.595,1797.643,1915543400,53829198000.000
20110228,1802.731,1940.514,1796.666,1939.064,1709264500,44169446000.000
20110331,1936.745,2062.888,1922.426,1997.465,3201820200,76872613000.000
20110429,1999.844,2221.841,1999.844,2165.815,3492600300,77217828000.000
20110531,2188.928,2266.934,2004.112,2053.971,2232532800,50650430000.000
20110630,2047.336,2075.985,1912.033,2067.935,1826860900,39854609000.000
20110729,2072.795,2251.308,2066.771,2096.699,3018818800,54962095000.000
20110831,2100.436,2121.529,1842.534,2033.259,2396940700,48780386000.000
20110930,2039.771,2055.663,1740.321,1746.417,2064937500,39412782000.000
20111031,1759.981,1896.397,1686.804,1872.726,1628551300,32782810000.000
20111130,1856.343,2004.154,1783.254,1795.883,2212931700,43680490000.000
20111230,1862.664,1894.185,1471.906,1521.131,1927395000,38965806000.000
20120131,1530.984,1656.732,1431.308,1612.692,1435849800,29400948000.000
20120229,1608.683,1808.831,1583.254,1770.718,2340094900,47664348000.000
20120330,1760.078,1833.464,1610.525,1628.492,2546638800,47723031000.000
20120427,1638.158,2110.256,1633.485,1999.857,3821558600,62578455000.000
20120531,2020.037,2056.951,1843.495,1904.174,3209734600,60663724000.000
20120629,1909.886,1964.995,1772.336,1819.189,2321252300,48348432000.000
20120731,1826.010,1864.111,1622.090,1635.627,2604755800,51895844000.000
20120831,1637.807,1726.644,1520.444,1548.650,1943540100,37537349000.000
20120928,1547.875,1663.172,1473.018,1542.638,1886229000,34100703000.000
20121031,1540.131,1577.237,1447.683,1459.373,1678578700,27931474000.000
20121130,1454.994,1500.023,1239.419,1270.788,1726392600,30538800000.000
20121231,1270.788,1597.142,1241.297,1592.240,3833960100,60402323000.000
20130131,1613.735,1678.171,1536.631,1639.518,4188492600,82765765000.000
20130228,1631.320,1797.931,1557.282,1637.719,3612026400,81760585000.000
20130329,1639.356,1639.356,1420.928,1435.058,3496571900,72818711000.000
20130426,1443.668,1520.567,1391.892,1460.350,2513001000,52006291000.000
20130531,1452.318,1660.452,1441.028,1612.664,4106808900,75709715000.000
20130628,1612.539,1629.534,1252.393,1342.954,2907596600,54780250000.000
20130731,1341.507,1556.274,1327.664,1422.940,5754002000,82456614000.000
20130830,1422.275,1678.462,1418.386,1665.165,5345359400,76484704000.000
20130930,1688.239,1839.274,1626.852,1722.445,7682230000,126680412000.000
20131031,1726.287,1813.039,1557.571,1594.450,4395980100,71066846000.000
20131129,1590.525,1739.952,1549.146,1722.361,5370512900,102429145000.000
20131231,1720.351,1802.091,1548.342,1606.586,4426845400,88182883000.000
20140130,1602.944,1603.051,1452.607,1500.216,3151995000,54239634000.000
20140228,1490.132,1638.676,1470.652,1518.698,3681273300,56617481000.000
20140331,1510.598,1549.919,1420.781,1477.757,3839171200,54315358000.000
20140430,1475.725,1591.948,1416.334,1444.164,3638522700,62487456000.000
20140530,1439.199,1488.446,1416.135,1462.789,2441014900,38738636000.000
20140630,1459.954,1484.130,1421.720,1478.907,2657308500,45406443000.000
20140731,1485.512,1624.687,1476.411,1624.487,4556877000,76743924000.000
20140829,1617.582,1674.356,1597.175,1617.764,4619431000,78520571000.000
20140930,1619.058,1776.499,1617.979,1772.185,5874395800,91416123000.000
20141031,1780.033,1892.918,1739.052,1887.579,4691611600,91136783000.000
20141128,1899.848,2365.208,1856.056,2346.428,11720052500,239427160000.000
20141231,2388.037,2743.896,2227.301,2667.941,23567866000,722573290000.000
20150130,2688.903,2964.080,2442.165,2741.201,18478657000,667245310000.000
20150227,2670.984,2931.814,2606.161,2873.371,9409478600,314047940000.000
20150331,2889.064,3222.186,2724.328,3130.002,18299938000,662409560000.000
20150430,3150.226,3696.316,3139.873,3630.503,21257056000,853807430000.000
20150529,3630.503,4316.820,3483.338,3949.897,19113785000,784627320000.000
20150630,3954.411,4652.662,3233.576,3668.793,21124707000,768431440000.000
20150731,3596.465,3721.728,2397.181,3102.965,23824794000,748687020000.000
20150831,3055.977,3555.994,2417.783,2739.103,18783697000,363840820000.000
20150930,2673.912,2712.840,2317.644,2442.554,12754631100,208909490000.000
20151030,2557.679,2963.125,2528.857,2867.274,11671349900,189528400000.000
20151130,2820.143,3439.844,2793.707,3218.222,16931849000,335889600000.000
20151231,3215.406,3755.988,3185.436,3529.787,14059011000,299666260000.000
20160129,3509.231,3510.062,2291.321,2405.871,8692503300,161995300000.000
20160229,2397.794,2672.878,2244.222,2287.464,5287911800,87454076000.000
20160331,2288.281,2784.215,2233.382,2732.247,8320898000,154018130000.000
20160429,2724.779,2898.292,2646.226,2684.466,6925329400,115305038000.000
20160531,2682.620,2769.868,2374.535,2558.481,4527896900,74329662000.000
20160630,2549.780,2628.829,2404.061,2594.055,4823039000,69269204000.000
20160729,2598.757,2697.022,2546.183,2619.279,6699658100,87037239000.000
20160831,2599.798,2875.140,2555.434,2784.781,15695442000,178387110000.000
20160930,2789.268,2882.679,2715.429,2858.843,7530510800,104383087000.000
20161031,2871.119,3029.373,2860.020,2959.157,5675158300,80775639000.000
20161130,2957.184,3291.586,2950.398,3182.751,9389648100,159253340000.000
20161230,3182.044,3215.639,3019.045,3093.475,6380523600,115773328000.000
20170126,3094.940,3202.614,3011.763,3161.387,5537124700,91839097000.000
20170228,3149.645,3279.310,3099.051,3222.281,6967136200,120512321000.000
20170331,3206.476,3226.117,3016.919,3029.312,9368477900,150100470000.000
20170428,3036.128,3083.460,2785.674,2868.162,7563362900,112067185000.000
20170531,2868.162,2876.766,2604.417,2712.776,7704119100,152532760000.000
20170630,2709.040,2911.220,2602.331,2892.248,7833942700,180418450000.000
20170731,2895.236,3181.260,2859.269,3094.773,12387211200,256971170000.000
20170831,3092.653,3173.580,2973.919,3136.928,9939523900,226889570000.000
20170929,3136.449,3188.175,3024.854,3042.870,7281780600,169973050000.000
20171031,3091.710,3152.586,3023.112,3115.608,6038155500,160106780000.000
20171130,3113.047,3178.577,2973.289,2982.397,10532061800,322930600000.000
20171229,2977.295,2998.285,2839.247,2871.171,6521739900,240927810000.000
20180131,2871.632,2993.987,2817.722,2827.598,9784251500,369487580000.000
20180228,2824.499,2838.866,2387.359,2591.115,5432370200,195877270000.000
20180330,2574.054,2760.915,2458.105,2602.994,9787763200,251269010000.000
20180427,2615.009,2692.997,2426.656,2452.856,6855029500,175495240000.000
20180531,2454.591,2523.668,2288.310,2321.211,6587080300,159239310000.000
20180629,2310.579,2365.258,1930.906,2000.464,6133508500,153680490000.000
20180731,1999.879,2000.390,1836.017,1972.205,9053498700,152799490000.000
20180831,1967.339,1972.795,1767.273,1768.289,6289122100,130121347000.000
20180928,1764.080,1867.868,1718.381,1854.818,5538534400,113645078000.000
20181031,1818.175,1818.175,1502.552,1772.282,9355087500,172696640000.000
20181130,1771.419,2118.390,1764.797,1854.920,16578186000,217975030000.000
20181228,1912.698,1933.523,1718.527,1729.075,9379999700,152725260000.000
20190131,1732.353,1820.778,1632.713,1642.657,12358059800,175319950000.000
20190228,1648.174,2373.437,1648.174,2228.058,19889742000,249499860000.000
20190329,2210.078,2508.708,2194.068,2336.468,36586600000,491360090000.000
20190430,2346.690,2585.184,2223.130,2263.445,24058008000,370580620000.000
20190531,2178.229,2204.796,2050.016,2127.312,12460428900,245449840000.000
20190628,2129.211,2256.921,1997.173,2166.008,11670880400,207903150000.000
20190731,2215.265,2244.078,2068.421,2189.913,11336701100,221415190000.000
20190830,2180.680,2215.979,1946.710,2056.278,11430678900,224725670000.000
20190930,2045.087,2291.448,2044.846,2103.104,12732188800,219148680000.000
20191031,2105.006,2253.753,2068.315,2071.630,8829211400,179446470000.000
20191129,2061.918,2128.124,1990.619,2011.822,8610254700,187861820000.000
20191231,2020.901,2275.496,1993.949,2242.133,14783047000,230008150000.000
20200123,2276.932,2315.539,2096.389,2113.716,10995573400,200402590000.000
20200228,1905.985,2241.960,1769.883,2023.019,18806053000,292843920000.000
20200331,2044.553,2244.475,1874.630,1910.744,18935390000,295963530000.000
20200430,1900.227,2027.753,1881.131,1924.725,10735503000,176157360000.000
20200529,1904.843,1980.199,1863.742,1940.753,9676821800,135042650000.000
20200630,1953.273,2062.434,1930.122,2037.691,14675395000,211086140000.000
20200731,2045.388,2598.681,2026.839,2261.557,38591136000,642649150000.000
20200831,2278.509,2419.685,2224.243,2262.886,20633667000,374823770000.000
20200930,2255.666,2283.741,2125.248,2135.070,15164167000,275851120000.000
20201030,2162.296,2267.265,2083.299,2084.760,9001500200,200684600000.000
20201130,2087.472,2166.005,2055.349,2115.939,12844767600,287960160000.000
20201231,2099.477,2179.790,1842.814,1909.653,17162949000,305860720000.000
20210129,1908.507,1914.120,1686.383,1701.397,16347591000,369657010000.000
20210226,1682.193,1794.736,1577.826,1763.694,11094724900,245814600000.000
20210331,1765.424,1877.286,1765.424,1782.062,18711330000,319114200000.000
20210409,1777.134,1824.263,1772.247,1792.806,4421330300,61683995000.000
