20070831,1010.105,1154.537,976.819,1154.537,2629936000,23376344000.000
20070928,1178.264,1277.698,1143.882,1264.053,2886888400,28254704000.000
20071031,1277.017,1277.017,983.668,1069.023,1373599800,13302867700.000
20071130,1078.168,1121.679,1027.051,1071.518,1150120220,10766199100.000
20071228,1071.731,1286.709,1071.731,1266.532,1356599200,14002719000.000
20080131,1263.878,1400.334,1206.280,1206.280,2447560900,27524658000.000
20080229,1206.982,1307.872,1168.977,1281.959,846047960,8700664200.000
20080331,1272.835,1345.396,1025.378,1025.378,1289137330,12808457400.000
20080430,1016.872,1016.872,773.463,955.611,1087511870,7838282600.000
20080530,963.552,990.811,871.616,881.978,1489277700,10614559300.000
20080630,880.873,893.018,618.632,627.142,827888180,4617157200.000
20080731,625.735,745.895,613.557,699.638,1645760100,10698891100.000
20080829,691.907,715.224,506.942,530.037,1156928790,6481580300.000
20080926,525.018,525.018,418.182,444.000,824903440,3306434100.000
20081031,432.198,432.198,314.248,318.877,922860400,3394410900.000
20081128,315.062,418.495,308.996,378.212,1903975000,6718830900.000
20081231,377.688,476.940,377.688,411.471,2829315000,11682047200.000
20090123,419.119,486.563,419.119,481.971,1365100500,6081703500.000
20090227,485.421,689.341,485.421,586.798,4667773600,23884805000.000
20090331,571.548,751.077,571.548,751.077,3870361800,22919262000.000
20090430,755.311,871.965,734.290,795.485,4173352200,29447074000.000
20090527,792.182,847.076,778.101,838.991,2655659300,18916486000.000
20090630,843.148,903.119,840.484,878.594,4108265800,27937641000.000
20090731,876.780,1030.140,876.585,1005.447,5229870800,39526673000.000
20090831,1012.159,1046.056,785.572,836.962,3347426600,24826473000.000
20090930,825.412,1051.162,825.412,886.062,4068062500,31914485000.000
20091030,899.220,1058.974,899.220,1046.641,2476768900,22093267000.000
20091130,1020.081,1275.163,1020.081,1203.659,4465830300,38629800000.000
20091231,1203.399,1353.694,1172.688,1349.100,4285333500,43736733000.000
20100129,1361.022,1557.313,1337.652,1378.687,4827719700,53068330000.000
20100226,1376.687,1458.050,1318.257,1457.893,2187011700,23637054000.000
20100331,1454.801,1581.798,1398.285,1581.798,3658941400,43804743000.000
20100430,1580.142,1783.082,1566.269,1566.269,4771180300,61946633000.000
20100531,1525.518,1630.650,1352.122,1456.114,2876388900,37854715000.000
20100630,1440.108,1532.721,1354.047,1355.120,5072850000,43950554000.000
20100730,1348.324,1584.864,1324.922,1576.318,5129116900,49418355000.000
20100831,1578.639,1740.614,1578.639,1740.614,6563005400,74286176000.000
20100930,1742.842,1837.622,1714.087,1749.950,5758071500,64320360000.000
20101029,1769.309,1913.038,1642.453,1913.038,9190883500,73886881000.000
20101130,1912.352,2205.439,1884.628,2102.578,9636883600,119621624000.000
20101231,2090.844,2165.293,1907.286,2040.338,5237907800,67254545000.000
20110131,2048.247,2072.995,1711.554,1849.363,3196652800,44937069000.000
20110228,1850.848,2054.815,1828.226,2054.815,3042203100,41589909000.000
20110331,2055.515,2103.742,1900.524,1901.643,6021140800,65136407000.000
20110429,1903.647,1958.782,1685.307,1715.765,3302759600,33026759000.000
20110531,1714.614,1753.311,1561.936,1610.309,2813201500,28189625000.000
20110630,1606.607,1697.810,1565.794,1683.331,3208816200,29235611000.000
20110729,1684.999,1837.811,1684.999,1742.081,3790217900,43724038000.000
20110831,1736.451,1763.187,1487.435,1696.599,5272763900,42918695000.000
20110930,1700.468,1712.254,1409.505,1432.494,2214358100,22791863000.000
20111031,1438.748,1505.266,1305.529,1471.277,2315161100,20684302000.000
20111130,1456.385,1654.960,1423.066,1441.579,4552398300,53527506000.000
20111230,1492.159,1498.227,1129.525,1182.785,2928958100,28291733000.000
20120131,1190.976,1205.162,1050.873,1121.558,2335882700,17743562000.000
20120229,1117.449,1439.113,1112.969,1374.644,6343472200,55531453000.000
20120330,1369.029,1496.087,1198.747,1209.426,5473132900,58321686000.000
20120427,1209.154,1336.822,1202.686,1257.342,3223871200,30803352000.000
20120531,1264.865,1330.167,1205.226,1319.504,3799058800,35912007000.000
20120629,1318.052,1321.560,1199.699,1238.297,3513152600,32009178000.000
20120731,1243.250,1267.356,1038.751,1049.632,3286169900,35154946000.000
20120831,1048.792,1203.664,1045.998,1150.514,5159162300,51099996000.000
20120928,1143.939,1249.827,1065.754,1118.220,5255039400,42716944000.000
20121031,1119.531,1167.172,1082.280,1092.985,4336342000,29861144000.000
20121130,1094.872,1114.569,902.050,919.592,3495436400,21180396000.000
20121231,915.729,1113.169,865.644,1084.763,5299128800,36617931000.000
20130131,1091.934,1192.693,1070.661,1124.130,6118819600,48086403000.000
20130228,1117.385,1233.794,1110.077,1224.014,3784583900,32989639000.000
20130329,1223.401,1303.171,1177.423,1222.437,6601916100,55341113000.000
20130426,1220.114,1305.038,1145.991,1228.357,4963838500,51062231000.000
20130531,1218.740,1561.028,1213.522,1479.245,12880847500,118670447000.000
20130628,1476.481,1484.062,1183.380,1286.386,7402651800,69102124000.000
20130731,1279.632,1441.412,1227.799,1356.390,8937491800,92973578000.000
20130830,1357.901,1549.179,1356.206,1443.582,8973127400,86215522000.000
20130930,1439.557,1542.859,1434.708,1485.429,6286348900,56887621000.000
20131031,1482.882,1549.953,1356.300,1403.338,6841972400,54727980000.000
20131129,1397.198,1544.860,1350.069,1544.265,6624754600,52509466000.000
20131231,1476.723,1527.902,1383.933,1513.176,7085683700,61515048000.000
20140130,1512.552,1730.496,1504.137,1683.078,9094925700,103292047000.000
20140228,1669.473,1889.402,1638.221,1695.113,10302366300,97039109000.000
20140331,1692.003,1758.459,1574.639,1597.496,6928204000,65569559000.000
20140430,1586.573,1763.712,1537.341,1596.729,6083339100,64703047000.000
20140530,1585.612,1685.086,1573.996,1666.180,4464873500,48172586000.000
20140630,1667.589,1786.624,1605.581,1786.624,5609584300,52777304000.000
20140731,1781.091,1831.036,1707.695,1828.780,9234372200,88569242000.000
20140829,1834.012,2180.996,1825.325,2166.649,12145277900,144222000000.000
20140930,2168.635,2390.957,2166.408,2387.454,14373608000,163276700000.000
20141031,2405.880,2443.382,2272.711,2360.071,12157821100,119384858000.000
20141128,2357.973,2392.293,2201.655,2347.658,12975536900,117278719000.000
20141231,2354.179,2385.795,1990.755,2022.610,22362320000,174861220000.000
20150130,2022.556,2294.203,1969.659,2206.259,14825173000,149611650000.000
20150227,2174.692,2401.183,2144.244,2400.451,10553723100,103002567000.000
20150331,2411.881,3092.764,2407.252,3057.837,33567532000,344631010000.000
20150430,3065.109,3505.146,3063.208,3334.295,48744846000,465698080000.000
20150529,3326.329,4993.729,3254.645,4617.895,51616103000,518483400000.000
20150630,4696.119,5473.617,3490.706,4037.007,60113342000,611537310000.000
20150731,4001.983,4179.124,2369.292,3385.199,41410967000,376990810000.000
20150831,3323.313,3987.951,2466.065,2709.013,32924626000,300997820000.000
20150930,2658.980,2715.633,2220.275,2459.895,18795561000,140458680000.000
20151030,2559.981,3240.714,2533.614,3169.901,21845656000,195707670000.000
20151130,3079.372,4086.335,3048.060,3794.815,33098629000,368740260000.000
20151231,3787.419,4173.597,3538.171,4073.400,24502318000,318414250000.000
20160129,4062.329,4081.447,2400.213,2534.409,18532724000,189073310000.000
20160229,2514.524,3029.208,2431.322,2465.755,17580238000,172347080000.000
20160331,2449.298,3029.340,2382.665,3012.949,25349718000,274876640000.000
20160429,2997.741,3166.916,2874.604,2967.311,18371095000,215917740000.000
20160531,2971.496,3208.007,2725.950,3206.420,20985818000,240507550000.000
20160630,3208.414,3561.336,3040.165,3524.843,22163083000,290830220000.000
20160729,3525.747,3692.746,3325.174,3334.549,24282091000,291613570000.000
20160831,3314.798,3687.918,3212.539,3655.870,24549962000,293138390000.000
20160930,3651.839,3836.180,3482.057,3539.278,19749603000,258793700000.000
20161031,3565.927,3725.686,3549.390,3634.621,13832039000,143348690000.000
20161130,3626.959,3784.914,3616.949,3665.324,22184515000,214350100000.000
20161230,3668.073,3671.840,3283.872,3330.586,16011218000,167602930000.000
20170126,3334.916,3438.286,3004.358,3228.807,16037004000,148486870000.000
20170228,3227.149,3402.142,3189.900,3389.855,12757548100,135616980000.000
20170331,3378.222,3572.330,3353.755,3376.986,18212168000,225781060000.000
20170428,3380.583,3442.690,2971.345,3101.547,17494382000,167289850000.000
20170531,3098.985,3155.029,2803.486,2882.203,19344371000,170568970000.000
20170630,2866.957,3088.903,2744.715,3088.213,21480145000,184534700000.000
20170731,3087.469,3194.529,2820.624,3038.311,20719768000,204160310000.000
20170831,3035.027,3270.413,2941.044,3270.276,20436304000,221060670000.000
20170929,3280.214,3436.819,3254.000,3385.897,28765244000,299720960000.000
20171031,3425.069,3534.901,3358.806,3457.962,37017053000,320326350000.000
20171130,3452.859,3630.940,3150.722,3203.576,57051531000,527206100000.000
20171229,3196.854,3262.367,3046.078,3116.308,32338163000,321654480000.000
20180131,3122.647,3195.898,2917.789,2924.945,38139343000,350620710000.000
20180228,2912.216,2926.205,2541.195,2894.103,20113295000,179028680000.000
20180330,2881.729,3147.999,2737.640,3035.961,28551687000,280520430000.000
20180427,3048.366,3109.624,2853.838,2931.053,22657533000,205474920000.000
20180531,2933.684,3046.917,2702.006,2749.568,24055904000,213225930000.000
20180629,2736.825,2771.458,2262.802,2428.278,20332471000,155077650000.000
20180731,2425.266,2515.886,2279.866,2423.929,25543713000,172561360000.000
20180831,2430.216,2440.827,2176.782,2195.219,22057921000,141732420000.000
20180928,2191.959,2213.174,2060.246,2108.286,14804941000,95069883000.000
20181031,2078.151,2078.297,1735.142,1908.680,19452122000,104274364000.000
20181130,1915.270,2166.885,1914.045,1987.491,26721132000,142523380000.000
20181228,2039.137,2078.653,1884.293,1903.870,17317026000,98154400000.000
20190131,1909.523,2028.205,1841.341,1852.585,24358996000,141323900000.000
20190228,1852.229,2548.964,1852.229,2450.369,69404343000,400135050000.000
20190329,2457.435,2840.397,2427.099,2672.470,80038094000,539800600000.000
20190430,2688.727,2817.604,2433.652,2484.636,49640622000,347547300000.000
20190531,2404.221,2407.057,2178.618,2267.732,30428369000,186854580000.000
20190628,2269.930,2351.676,2149.690,2285.135,24186365000,143702840000.000
20190731,2343.602,2419.412,2216.562,2368.821,52823713000,313719820000.000
20190830,2355.202,2448.228,2178.627,2336.674,48429091000,335084780000.000
20190930,2334.539,2641.611,2332.348,2452.429,53597702000,390935620000.000
20191031,2459.259,2523.272,2371.662,2382.200,26446975000,222027170000.000
20191129,2378.930,2483.599,2343.449,2394.305,36989227000,296540220000.000
20191231,2397.918,2799.127,2383.301,2684.361,73798083000,579014170000.000
20200123,2706.066,2910.515,2693.141,2758.775,49615050000,430493170000.000
20200228,2477.605,3140.698,2291.270,2781.410,89457846000,779144160000.000
20200331,2815.009,3004.176,2394.772,2398.822,76330858000,581884450000.000
20200430,2391.900,2577.882,2262.653,2437.357,43871472000,305485390000.000
20200529,2411.138,2563.994,2407.766,2500.484,39429597000,317878080000.000
20200630,2509.516,2736.617,2509.516,2732.303,62199501000,493121920000.000
20200731,2735.416,3196.190,2697.933,3072.095,84969872000,773880060000.000
20200831,3098.932,3246.010,2999.643,3202.342,68974799000,618712420000.000
20200930,3198.578,3387.108,2967.397,2992.458,58999684000,539177420000.000
20201030,3041.790,3222.397,2963.291,2964.921,31445272000,280510490000.000
20201130,2967.851,3211.042,2944.897,3029.194,52328272000,466267100000.000
20201231,3030.416,3226.356,2750.251,2826.939,62408807000,507077300000.000
20210129,2826.947,2896.747,2630.640,2659.947,70286527000,639115520000.000
20210226,2647.137,2789.522,2506.974,2708.781,38862171000,349750230000.000
20210331,2721.864,2881.588,2650.878,2726.455,56402669000,507390250000.000
20210409,2729.078,2860.410,2720.357,2825.062,13156410400,121638891000.000
