20070831,1004.881,1094.276,925.898,1088.409,1761150500,26268077000.000
20070928,1097.099,1150.221,1059.374,1102.850,1452849600,21460741000.000
20071031,1126.636,1126.636,845.488,913.165,712241690,10453006700.000
20071130,906.052,906.052,827.786,851.825,491638480,5978453800.000
20071228,852.186,1006.881,852.186,993.281,557337450,7153862800.000
20080131,993.675,1084.008,864.879,880.373,910183120,12895663900.000
20080229,886.250,985.720,840.666,984.497,468822370,6126298900.000
20080331,984.552,1019.974,769.375,785.581,577463680,7355656200.000
20080430,784.596,784.596,603.736,736.711,414261540,4275620700.000
20080530,742.810,749.599,671.094,701.594,656913120,6112923500.000
20080630,701.600,725.248,501.527,543.233,823760530,7728789400.000
20080731,542.913,625.910,520.149,593.858,1069104630,8989397600.000
20080829,588.896,616.747,477.021,543.728,810674490,5879936700.000
20080926,539.513,552.634,469.754,548.023,796161040,5814858200.000
20081031,534.941,534.941,394.517,394.517,510334680,3372377600.000
20081128,391.799,484.558,370.981,448.961,916080150,4946157600.000
20081231,448.017,529.815,448.017,460.196,1177781500,6744050800.000
20090123,467.745,534.501,467.745,529.783,715372400,4146721000.000
20090227,532.284,655.708,532.284,566.001,1741161600,12169139200.000
20090331,563.150,715.793,563.150,715.793,1648148600,11511511300.000
20090430,714.713,789.811,666.988,789.811,1864971600,15530824000.000
20090527,797.921,848.287,783.633,805.165,1605414000,14740222000.000
20090630,811.324,866.598,811.324,838.552,1837692600,18725256000.000
20090731,836.570,946.872,836.570,938.552,2439767000,28270879000.000
20090831,944.138,956.896,746.953,753.260,1598170700,16857335000.000
20090930,749.057,872.487,744.806,754.534,1111771310,10601643400.000
20091030,765.281,842.241,765.281,835.778,716640080,6643280300.000
20091130,820.642,993.479,820.642,958.838,2027094400,20933832000.000
20091231,957.639,1015.794,903.651,1015.794,1480977100,15182107000.000
20100129,1021.676,1150.632,1007.244,1059.199,2146122800,25881739000.000
20100226,1053.629,1154.883,1039.926,1143.418,1160216230,15088001000.000
20100331,1140.750,1244.587,1094.338,1244.587,2113235900,26100582000.000
20100430,1243.148,1306.546,1084.803,1084.803,2033205300,25555773000.000
20100531,1068.111,1069.088,811.388,878.989,1294771490,12646420300.000
20100630,870.794,898.962,755.495,755.495,683002890,6364351600.000
20100730,752.154,910.901,736.528,910.901,895883290,8123094200.000
20100831,929.049,980.484,919.824,968.364,1535551100,13940180000.000
20100930,966.344,999.671,948.282,968.460,1449107000,13212259600.000
20101029,979.241,1027.057,958.372,1017.928,1372880100,13146423700.000
20101130,1020.669,1112.864,952.697,963.420,1912010700,18922637000.000
20101231,962.701,990.515,892.945,927.180,758791870,7489729700.000
20110131,929.418,941.705,840.661,879.579,404008380,3512691800.000
20110228,879.978,962.966,875.020,962.186,639135850,5777364000.000
20110331,964.435,992.049,929.979,966.153,977487720,8942858500.000
20110429,962.862,1016.047,941.263,957.297,936737040,8985849100.000
20110531,956.888,995.030,848.770,866.818,668268100,6081837700.000
20110630,866.436,898.890,812.837,874.910,432200710,3415196700.000
20110729,876.870,921.957,850.455,854.101,706810790,5524528200.000
20110831,855.608,859.227,756.673,817.127,549689740,3999867000.000
20110930,818.329,821.540,724.459,735.514,299064360,2062232900.000
20111031,736.461,808.517,704.183,786.172,527398550,3636635300.000
20111130,779.375,819.308,721.448,727.362,794140290,6697435500.000
20111230,747.685,755.090,605.151,630.150,255418020,1739870400.000
20120131,634.403,648.702,584.905,634.987,265444740,1822617700.000
20120229,632.654,706.889,626.628,680.449,501895700,3483106700.000
20120330,679.810,724.731,620.401,625.899,895721350,5661739200.000
20120427,626.939,728.706,626.507,699.870,783389290,4670649800.000
20120531,706.713,713.863,684.205,709.896,691739900,4529828500.000
20120629,708.851,712.350,620.495,635.264,270923210,1664969500.000
20120731,638.581,646.890,580.807,582.064,296617770,1750055800.000
20120831,576.243,610.804,558.136,565.303,213921420,1262266340.000
20120928,560.780,598.688,538.464,557.200,216566800,1270572490.000
20121031,556.271,588.341,549.863,557.856,236203310,1308880540.000
20121130,557.856,568.123,488.282,494.831,209401820,1264495090.000
20121231,493.346,561.750,479.698,555.874,335173190,1890485300.000
20130131,557.912,580.888,540.413,577.539,514422100,3017123100.000
20130228,574.723,586.621,564.972,578.608,482866750,2682435600.000
20130329,579.475,587.788,543.981,574.880,510703970,2879935000.000
20130426,573.730,584.568,539.204,540.478,438689380,2407964600.000
20130531,537.895,595.208,532.310,590.471,534156210,3269478800.000
20130628,592.373,605.298,479.682,508.325,759362820,4587757100.000
20130731,506.009,548.212,503.524,527.228,678639480,4079553000.000
20130830,526.993,681.003,526.993,666.405,1388805000,8580371000.000
20130930,678.933,713.523,634.007,671.054,2578902200,22026509000.000
20131031,675.583,718.088,613.596,636.690,1186857030,9014444800.000
20131129,629.049,665.319,608.983,663.691,908043860,6784175700.000
20131231,651.965,692.636,620.337,642.066,965651410,7043329600.000
20140130,639.925,651.954,578.254,646.773,587854730,4000716900.000
20140228,640.305,754.039,639.335,686.775,1597068900,12827454400.000
20140331,686.345,750.546,685.019,700.390,1493209600,12274867000.000
20140430,703.854,754.369,676.999,711.396,1362936300,11161143000.000
20140530,709.763,736.496,693.449,703.681,1183816040,9293859400.000
20140630,702.194,707.850,657.607,696.481,942407870,7211711700.000
20140731,695.436,744.170,690.809,739.630,1541080100,12209297900.000
20140829,737.133,804.359,732.973,776.330,1609476700,13846105000.000
20140930,777.106,851.625,775.844,848.790,1662085900,15260803000.000
20141031,849.850,915.670,810.662,902.808,1946013100,19010538000.000
20141128,904.500,986.523,881.659,964.678,2277113900,24123809000.000
20141231,964.677,982.088,862.387,871.393,3041541700,35164670000.000
20150130,871.284,946.190,821.178,908.829,1709512500,19703929000.000
20150227,894.547,946.741,863.452,946.506,1114958830,12603757300.000
20150331,945.559,1173.645,939.643,1154.648,2875349100,39208943000.000
20150430,1152.531,1393.392,1151.678,1332.370,3004718100,49406125000.000
20150529,1332.147,2091.744,1218.155,1971.318,3129236400,63193393000.000
20150630,2057.774,2483.792,1581.558,1832.025,3587019500,87953792000.000
20150731,1798.437,1876.604,942.637,1453.006,3701388000,52164628000.000
20150831,1421.524,1991.482,1152.033,1317.758,4312026600,64333825000.000
20150930,1296.862,1615.666,1110.044,1479.045,6329442000,104058920000.000
20151030,1525.881,1985.911,1514.788,1870.290,4896195500,100065195000.000
20151130,1800.777,2201.050,1758.225,1893.284,3879168500,82206811000.000
20151231,1873.269,2146.317,1838.401,2118.486,2414146900,50776530000.000
20160129,2109.709,2115.460,1269.412,1378.991,2073687200,33990468000.000
20160229,1380.173,1655.368,1340.379,1409.515,1797660200,27821834000.000
20160331,1399.850,1790.883,1335.415,1678.416,3322202200,52648703000.000
20160429,1669.065,1777.802,1556.911,1638.153,1567365200,25542420000.000
20160531,1629.728,1721.213,1434.681,1530.430,1228154740,19048339000.000
20160630,1531.970,1608.300,1444.579,1533.243,1464993600,20940192000.000
20160729,1535.433,1856.837,1506.876,1814.605,1874040400,22767765000.000
20160831,1819.368,2056.989,1772.869,1941.321,3931177500,56099238000.000
20160930,1940.593,1956.818,1813.234,1854.258,1078446450,15152121000.000
20161031,1872.105,1963.845,1861.211,1902.774,885045670,12696282200.000
20161130,1901.585,2093.894,1901.585,1986.542,1820587400,27787896000.000
20161230,1987.784,2002.958,1794.928,1880.062,1058102370,13754047000.000
20170126,1881.237,1944.225,1640.241,1754.588,687747320,9034638600.000
20170228,1750.421,1846.264,1739.893,1819.256,774484670,10426323800.000
20170331,1820.036,1854.196,1696.058,1704.084,804581400,11009527100.000
20170428,1707.979,1775.080,1452.230,1515.292,670718850,7875325300.000
20170531,1509.483,1520.429,1290.073,1342.606,527858840,5190503800.000
20170630,1341.758,1416.116,1275.453,1364.195,907477990,9205583500.000
20170731,1365.167,1391.702,1225.366,1311.072,704623460,6820189000.000
20170831,1308.398,1386.664,1292.931,1366.899,838708470,8324520400.000
20170929,1368.568,1402.788,1331.727,1348.381,663225380,6562729400.000
20171031,1358.626,1421.969,1329.948,1369.744,847710170,8351101300.000
20171130,1364.664,1364.969,1202.015,1234.935,550820970,5249378300.000
20171229,1232.186,1251.799,1175.598,1200.594,346545930,2769633700.000
20180131,1203.251,1256.615,1178.089,1182.777,513050540,4261622100.000
20180228,1170.452,1178.620,988.306,1092.369,377158020,2577996900.000
20180330,1088.391,1209.927,1084.179,1201.749,1195384620,8407615900.000
20180427,1211.316,1215.137,1084.927,1091.879,706600690,6127512400.000
20180531,1092.310,1128.285,1009.208,1028.778,775795970,6929525600.000
20180629,1021.016,1028.512,851.073,935.579,553641710,4082173900.000
20180731,932.133,966.485,857.570,942.328,995892300,6923226500.000
20180831,940.639,947.298,822.185,893.856,934631230,8235704400.000
20180928,894.382,964.460,880.663,938.910,768370990,10998710500.000
20181031,925.218,962.056,770.765,869.889,1126544640,12563690500.000
20181130,873.262,1030.772,871.209,930.404,1825475200,21015351000.000
20181228,946.440,968.250,877.026,883.345,694656730,9208117000.000
20190131,885.867,935.341,833.782,839.390,672433630,7902308100.000
20190228,839.745,990.635,835.957,982.794,877555430,8188054700.000
20190329,990.063,1152.532,978.773,1084.258,2768968300,29635141000.000
20190430,1091.823,1195.774,1048.102,1081.856,2095109500,21615648000.000
20190531,1047.840,1135.539,995.216,1036.411,1658656500,13220885000.000
20190628,1041.719,1045.985,963.759,1030.368,682955080,6060118000.000
20190731,1042.561,1066.919,963.860,987.721,632479870,5100753000.000
20190830,984.285,991.973,886.228,935.466,614821500,5716366800.000
20190930,936.029,1020.295,933.681,960.090,886678190,8978404700.000
20191031,958.852,997.924,952.372,968.977,451615810,3702016200.000
20191129,966.464,991.907,939.148,967.760,551299220,4216184300.000
20191231,969.546,1035.405,969.018,1034.748,768045390,6375606200.000
20200123,1035.497,1074.571,1007.360,1020.274,664378970,5705138700.000
20200228,918.521,1000.591,834.642,911.748,982673510,7517358500.000
20200331,916.520,1038.253,899.002,915.643,1218747770,8913671000.000
20200430,913.879,953.444,875.845,907.315,767825510,5828631200.000
20200529,901.589,1151.239,896.141,1145.607,1711184900,15483201000.000
20200630,1149.676,1195.654,1088.730,1136.672,3136882900,34033171000.000
20200731,1137.913,1493.970,1136.968,1452.275,3395698300,44224284000.000
20200831,1457.242,1632.586,1413.158,1447.147,2229826200,40891314000.000
20200930,1443.624,1459.545,1267.343,1275.853,1468880100,21748278000.000
20201030,1286.541,1353.929,1202.392,1208.250,766020690,9264113200.000
20201130,1205.825,1256.591,1190.543,1200.746,846855790,9245389400.000
20201231,1197.101,1217.969,1152.551,1194.006,924922730,12263415100.000
20210129,1187.737,1204.826,999.587,1007.472,833765440,8791514500.000
20210226,1003.648,1148.342,952.809,1137.999,554675500,4624212900.000
20210331,1158.064,1181.348,1079.804,1164.675,1227197300,12299426600.000
20210409,1162.650,1183.120,1146.542,1164.836,248904260,2664550100.000
