20070831,1004.849,1136.792,936.835,1136.263,10585102100,121751498000.000
20070928,1151.449,1213.278,1079.063,1204.563,8470302200,106443753000.000
20071031,1221.845,1221.845,963.045,1065.677,5109093400,64672584000.000
20071130,1066.951,1066.951,944.298,973.945,3015934600,36394707000.000
20071228,970.551,1162.296,970.551,1142.344,4340864200,50535970000.000
20080131,1145.685,1241.121,1015.459,1015.459,6521583400,80526787000.000
20080229,1019.311,1103.448,986.251,1067.413,2581486100,32491443000.000
20080331,1064.081,1114.311,860.284,876.532,3318965200,35891949000.000
20080430,869.734,869.734,723.115,850.797,3484828300,32333899000.000
20080530,861.587,873.760,775.347,777.496,3362259300,32844378000.000
20080630,776.792,787.439,558.928,579.937,2558623900,19304542000.000
20080731,581.684,654.203,570.180,616.587,3094015200,21461694000.000
20080829,613.651,619.786,496.055,508.552,1761428900,10501812900.000
20080926,507.076,540.274,465.442,515.067,2111522700,12905502600.000
20081031,508.280,508.280,432.753,432.753,2283678100,12604489600.000
20081128,428.745,522.351,419.941,486.914,5461048600,30563642000.000
20081231,485.924,545.059,454.953,454.953,6608813000,38786412000.000
20090123,461.338,496.917,461.338,492.415,3029755300,17272155000.000
20090227,496.534,623.268,496.534,534.799,10776292500,66940777000.000
20090331,527.569,591.370,526.084,588.291,7678064500,47097338000.000
20090430,590.679,642.667,589.814,615.219,10851577500,72939322000.000
20090527,617.364,661.387,617.364,638.828,7606437000,51523762000.000
20090630,641.846,697.029,641.846,685.581,10007063400,70394888000.000
20090731,685.856,763.722,685.856,741.340,12450403100,95486210000.000
20090831,741.900,776.549,625.632,625.804,9660878200,77861419000.000
20090930,621.244,703.695,621.244,633.472,8233671300,61241391000.000
20091030,640.729,697.332,640.729,680.547,4907450800,33553987000.000
20091130,670.126,822.344,670.126,807.490,14532711000,107664081000.000
20091231,805.251,839.022,748.822,800.204,10560176500,84682273000.000
20100129,805.621,871.009,787.493,817.085,10811487800,86964244000.000
20100226,815.173,899.878,810.348,899.878,8409418400,69127121000.000
20100331,901.561,923.423,858.790,906.694,11648394100,94903947000.000
20100430,906.177,930.641,805.131,805.131,7936281900,64727797000.000
20100531,792.370,829.311,707.005,752.906,5018334500,35932107000.000
20100630,745.216,753.501,678.966,678.966,3624782700,25122818000.000
20100730,677.995,763.872,677.498,761.523,5709616200,35636767000.000
20100831,761.084,784.874,736.012,762.241,6447151400,42236026000.000
20100930,762.772,781.053,727.199,737.530,4760196300,32672983000.000
20101029,741.896,804.901,741.896,798.916,7483910200,51261119000.000
20101130,800.594,833.106,738.609,738.609,10421308900,74975273000.000
20101231,738.229,753.674,701.388,717.783,5071269400,34266136000.000
20110131,719.672,729.030,678.880,709.053,4817656500,34198402000.000
20110228,708.780,751.713,697.840,744.777,4516383400,31916822000.000
20110331,745.113,763.032,717.341,740.869,6336717600,42778511000.000
20110429,740.318,784.033,727.414,740.375,6765628000,41681144000.000
20110531,740.443,775.736,688.246,701.425,6349303000,37454995000.000
20110630,700.727,706.472,644.068,672.685,3713532200,21892214000.000
20110729,673.466,694.699,651.598,658.125,4668912300,26925223000.000
20110831,658.581,664.824,584.673,621.472,4088309700,24829909000.000
20110930,622.123,624.685,563.785,567.654,2296456200,13441779000.000
20111031,568.988,593.767,553.742,587.903,2207897500,11950299200.000
20111130,584.486,607.244,560.130,562.699,3043082400,16462238000.000
20111230,573.682,580.153,505.540,514.567,2139979700,11037318400.000
20120131,517.186,539.427,496.818,532.042,2211886700,11119317600.000
20120229,531.530,588.754,526.442,570.980,4416500300,24090487000.000
20120330,568.964,586.140,527.351,534.034,4381409500,25203584000.000
20120427,534.451,588.074,533.958,573.593,4015262800,20515562000.000
20120531,579.902,588.533,551.053,572.273,5568516000,26479368000.000
20120629,572.455,576.226,519.781,528.153,3320113700,15105329000.000
20120731,529.875,532.438,487.325,488.396,3739954800,16833504000.000
20120831,485.221,530.677,477.789,491.073,3740346800,17100681000.000
20120928,491.564,513.110,456.790,470.070,3422380600,19426575000.000
20121031,470.158,498.528,466.986,483.158,3250290700,14849173000.000
20121130,482.111,495.288,447.910,454.302,2845158700,15716422000.000
20121231,452.939,512.768,444.724,511.538,4922664300,25645190000.000
20130131,513.984,536.062,501.080,531.120,5098863200,26849934000.000
20130228,530.544,548.673,517.101,529.677,4031388600,19578768000.000
20130329,529.853,533.302,503.372,505.329,5298454800,27943079000.000
20130426,505.617,510.753,484.679,486.667,3119456700,13693123000.000
20130531,484.030,514.776,481.761,510.509,4424978800,20705220000.000
20130628,510.161,512.653,415.727,436.105,3146744400,15893045000.000
20130731,436.102,450.258,421.860,428.970,3133436100,12203165300.000
20130830,428.798,503.636,428.560,497.361,5276412500,21397862000.000
20130930,497.317,529.235,479.780,508.880,7358518600,30632843000.000
20131031,508.411,533.624,484.965,506.376,4785406300,22348609000.000
20131129,504.917,516.522,483.611,513.148,3992366600,19769415000.000
20131231,504.958,513.672,470.149,474.921,3630957700,16805705000.000
20140130,475.395,475.912,441.959,457.560,2714645100,10771898800.000
20140228,455.521,484.204,448.700,457.767,3717471100,15879132000.000
20140331,457.787,469.432,441.072,459.468,3954123100,15475823000.000
20140430,457.870,477.182,438.286,447.458,4626654200,18661344000.000
20140530,446.754,458.098,444.511,448.512,2296259800,9056029400.000
20140630,448.960,454.580,438.324,454.065,2223007100,9024891700.000
20140731,453.610,495.116,451.861,495.069,5115190000,20000625000.000
20140829,493.324,522.205,487.886,502.705,6676404300,26902639000.000
20140930,502.302,564.061,502.082,554.867,8623499700,36925552000.000
20141031,555.633,593.514,538.153,590.486,9090099600,41061254000.000
20141128,594.057,653.083,594.028,643.332,13850102000,72087997000.000
20141231,646.640,763.964,634.058,723.918,24578937000,146660420000.000
20150130,728.297,784.483,652.246,713.106,14137429000,97621081000.000
20150227,704.173,720.058,659.525,719.756,5260296000,34471377000.000
20150331,722.900,879.825,710.093,859.037,19776417000,138816940000.000
20150430,863.890,1157.727,863.246,1135.854,33097036000,289239240000.000
20150529,1138.125,1297.548,991.100,1204.696,26603423000,245995840000.000
20150630,1211.465,1547.100,1003.373,1168.407,37078285000,380274350000.000
20150731,1158.447,1206.296,695.600,958.348,31638337000,247296350000.000
20150831,946.254,1140.722,765.780,869.089,19994727000,152328230000.000
20150930,863.353,876.876,751.780,784.771,9009191300,56752960000.000
20151030,809.452,905.057,802.938,891.794,9462338500,62721015000.000
20151130,880.334,977.617,853.787,889.762,13546147000,96287987000.000
20151231,891.319,1000.498,874.225,972.310,10027030300,70818968000.000
20160129,970.775,971.747,663.348,703.998,7565637900,46882319000.000
20160229,701.886,777.846,685.579,695.033,5335518800,32441041000.000
20160331,698.413,792.872,692.316,787.439,8812490800,54422497000.000
20160429,783.430,808.102,749.093,759.676,6676171400,42658539000.000
20160531,760.761,783.455,705.500,747.852,4233475400,25060785000.000
20160630,748.498,766.200,717.218,749.592,4706252300,26931490000.000
20160729,749.367,795.409,746.402,783.075,5769753300,34168331000.000
20160831,785.499,824.363,767.339,817.328,6567645800,38815828000.000
20160930,819.702,825.684,791.864,801.789,4061002900,23981695000.000
20161031,805.111,851.085,805.111,838.835,4545169900,28092240000.000
20161130,838.475,905.779,836.430,878.153,7300187700,48809013000.000
20161230,878.446,891.501,838.083,873.681,6779139200,44400793000.000
20170126,874.293,924.770,851.812,918.355,6952530300,50617421000.000
20170228,917.938,976.830,912.928,972.374,7413530700,56813830000.000
20170331,969.133,1025.003,944.942,998.471,8584399600,65705150000.000
20170428,993.388,1035.894,918.018,949.097,8760143500,64249100000.000
20170531,946.250,954.032,864.136,901.155,4962779300,34485206000.000
20170630,899.543,952.698,884.735,952.479,5449613800,36926613000.000
20170731,957.032,1054.942,950.961,1033.017,11511597700,82238875000.000
20170831,1031.882,1053.859,996.829,1050.769,11199343600,90417957000.000
20170929,1051.379,1057.023,1022.333,1030.574,6924956600,57893221000.000
20171031,1038.806,1058.491,1017.948,1026.983,4508453400,35894387000.000
20171130,1026.589,1032.706,954.546,959.929,5721095700,42456980000.000
20171229,959.294,974.127,937.190,970.524,4750628400,36740395000.000
20180131,970.214,1006.768,954.807,969.457,8327344400,66974533000.000
20180228,967.190,969.050,848.923,907.100,4192503500,28685861000.000
20180330,903.191,940.814,864.304,892.036,4723374300,32735241000.000
20180427,886.885,889.108,818.326,830.291,3110425400,21848226000.000
20180531,830.857,853.109,795.984,801.132,3743744500,25082859000.000
20180629,797.329,809.411,702.920,718.662,4025176200,25905210000.000
20180731,718.558,778.289,686.866,769.202,4215784100,24093642000.000
20180831,773.608,780.534,720.845,737.843,5042091800,28093355000.000
20180928,736.968,748.741,715.384,743.358,3514373800,19225641000.000
20181031,735.028,735.816,641.356,687.539,3432343100,17427793000.000
20181130,689.097,762.366,688.060,722.855,6007722900,28469194000.000
20181228,735.590,742.815,699.644,708.141,3785505500,18871322000.000
20190131,709.061,744.346,698.422,716.394,4256589100,21373303000.000
20190228,719.239,828.842,719.239,811.627,5495022900,29376461000.000
20190329,813.195,892.574,806.326,869.121,13252265500,75631818000.000
20190430,870.043,912.125,834.463,857.279,11243388600,65213981000.000
20190531,842.947,845.251,800.977,830.695,8656638200,47847742000.000
20190628,830.531,849.082,799.841,830.334,5492999300,30579003000.000
20190731,839.964,852.990,801.913,818.979,5087452700,27980071000.000
20190830,817.477,817.477,754.223,779.105,3802299600,19737733000.000
20190930,779.000,821.194,778.245,781.200,4165081200,22309667000.000
20191031,781.014,813.205,778.687,783.670,2707015200,14102175000.000
20191129,782.684,798.199,759.243,774.986,2852438700,15384379000.000
20191231,774.536,813.673,770.403,813.466,3405953300,18395599000.000
20200123,817.296,824.353,777.152,781.882,8250684200,51980105000.000
20200228,705.638,759.376,684.116,724.024,12291943400,76254492000.000
20200331,725.108,779.965,688.172,696.870,9623912900,49503782000.000
20200430,696.303,728.582,688.722,728.582,5833966300,28731370000.000
20200529,724.549,727.144,709.672,714.648,5042111700,25223840000.000
20200630,715.907,738.278,712.324,719.433,5829357800,29007585000.000
20200731,719.035,802.488,716.482,771.512,11953816800,64449134000.000
20200831,776.201,813.055,776.201,786.596,8504397600,53925241000.000
20200930,785.291,792.918,747.387,748.945,6099944700,32000814000.000
20201030,754.302,773.384,738.636,739.407,3057704000,16863441000.000
20201130,739.958,794.233,735.245,784.764,5255056600,26687002000.000
20201231,783.297,797.948,751.521,769.479,6821792000,35788911000.000
20210129,769.401,769.854,707.718,709.648,6070076600,30856180000.000
20210226,707.871,760.935,691.411,749.096,4700580400,23663986000.000
20210331,749.472,794.779,746.189,792.881,7183912000,38186119000.000
20210409,791.210,795.483,782.293,783.579,1662395800,9150664900.000
