20070831,1000.575,1130.225,943.243,1126.032,1843661000,29043418000.000
20070928,1146.577,1146.577,1046.768,1076.205,1363594100,22142859000.000
20071031,1090.443,1091.861,862.499,921.456,808756780,13693016000.000
20071130,921.674,921.674,847.235,875.967,643190340,9179064600.000
20071228,876.319,1078.481,876.319,1065.648,851276840,13019444100.000
20080131,1070.040,1190.812,1026.344,1026.344,1416683200,25432698000.000
20080229,1021.571,1139.589,985.372,1132.655,709694700,13074906200.000
20080331,1126.148,1196.387,916.883,924.870,893960570,15173897000.000
20080430,917.632,917.632,726.329,880.806,795846140,10719348800.000
20080530,889.903,918.827,812.133,847.280,900454450,10629829600.000
20080630,850.028,869.520,609.906,615.649,1011144430,9937694400.000
20080731,617.052,742.347,608.700,688.150,1542532500,13621387000.000
20080829,683.488,704.778,498.800,521.192,967112120,7351124200.000
20080926,517.644,517.644,417.017,457.339,823915270,4789465800.000
20081031,451.972,451.972,342.507,353.692,937186150,4978687700.000
20081128,351.274,452.361,345.877,421.744,1624179100,8688280200.000
20081231,421.116,513.041,421.116,455.995,2047607200,12864540200.000
20090123,464.245,539.565,464.245,536.735,1317441400,8864409000.000
20090227,542.722,681.666,542.722,571.861,2948562100,23532557000.000
20090331,562.299,695.767,562.299,695.767,2917399800,21975590000.000
20090430,697.871,786.143,688.531,740.690,3421487000,29752158000.000
20090527,739.667,791.311,734.004,774.154,2036055600,18770911000.000
20090630,775.775,814.418,775.775,802.592,2549244300,24467790000.000
20090731,801.196,903.994,801.196,888.096,3873430400,35232083000.000
20090831,898.125,919.847,733.904,762.131,2903525000,27720708000.000
20090930,751.051,971.967,751.051,809.197,3317751200,37104253000.000
20091030,822.046,920.223,822.046,886.867,1998272500,23349376000.000
20091130,863.103,1076.431,863.103,1031.229,4671425400,52328050000.000
20091231,1032.304,1108.528,1000.274,1107.606,4232446100,47560264000.000
20100129,1112.821,1217.090,1046.465,1062.284,3682000300,45718188000.000
20100226,1049.385,1136.864,1029.288,1136.419,1530873500,17962003000.000
20100331,1135.155,1253.005,1135.155,1253.005,3759667800,49184128000.000
20100430,1253.829,1365.977,1242.675,1247.415,4104027400,59757877000.000
20100531,1209.657,1305.968,1080.972,1229.618,3716726500,54081892000.000
20100630,1205.658,1305.389,1105.199,1105.199,2521540700,39039229000.000
20100730,1098.825,1251.054,1065.037,1242.211,3086854100,47855181000.000
20100831,1242.284,1434.649,1238.874,1434.649,4825531600,80031315000.000
20100930,1435.136,1479.155,1355.113,1396.667,3635107800,67049730000.000
20101029,1408.369,1564.220,1362.614,1564.220,3891228700,75808039000.000
20101130,1566.406,1671.103,1479.623,1612.508,4402135400,91008611000.000
20101231,1606.884,1681.164,1473.226,1583.107,3135707500,62771724000.000
20110131,1587.368,1620.421,1327.129,1426.266,2006871400,39395511000.000
20110228,1425.811,1619.826,1412.950,1619.358,1925520800,41514511000.000
20110331,1618.934,1645.274,1530.968,1536.170,2796692900,54986075000.000
20110429,1537.255,1561.317,1369.229,1398.669,1826585400,31851544000.000
20110531,1400.149,1472.943,1260.621,1293.293,1697541900,26115927000.000
20110630,1294.445,1344.301,1231.856,1341.205,1434004000,21989437000.000
20110729,1345.593,1474.115,1344.859,1375.388,2232029800,37261145000.000
20110831,1375.334,1401.116,1208.222,1338.914,1949053400,30081371000.000
20110930,1339.985,1353.898,1166.981,1175.005,1430272100,18860439000.000
20111031,1179.411,1230.982,1071.952,1194.499,1204720050,14873544000.000
20111130,1185.436,1333.034,1168.323,1180.179,2896093000,39441691000.000
20111230,1215.979,1224.364,936.077,996.668,1522576700,16281683000.000
20120131,1006.952,1031.946,891.673,973.930,1256207850,12479280300.000
20120229,970.969,1155.873,964.399,1101.800,2330103600,25385477000.000
20120330,1092.023,1185.796,984.635,1000.277,2467193400,32230948000.000
20120427,999.867,1089.574,992.964,1050.071,1693996100,19232536000.000
20120531,1057.330,1092.847,987.198,1055.077,1893794400,23261160000.000
20120629,1056.021,1063.013,929.800,955.506,1132790240,13137036100.000
20120731,959.882,977.231,846.277,849.429,1259329410,13381538900.000
20120831,851.205,941.318,845.295,906.153,2298617800,20927385000.000
20120928,904.270,998.755,865.725,900.118,3646011200,31265554000.000
20121031,904.554,960.121,865.993,875.974,3206412200,25777395000.000
20121130,876.324,896.474,713.374,726.615,2327189000,16238917000.000
20121231,726.857,875.898,690.338,867.867,4046387000,30512549000.000
20130131,873.119,958.484,855.608,924.710,4804303500,42979076000.000
20130228,921.704,977.327,906.062,977.202,2954090900,27520603000.000
20130329,977.202,1021.073,919.294,942.353,4175387600,40701286000.000
20130426,937.127,975.803,891.390,927.119,2572678800,26240048000.000
20130531,920.761,1163.276,916.752,1150.770,5775599600,63905821000.000
20130628,1146.879,1153.694,900.088,996.793,3092293000,35529448000.000
20130731,992.224,1183.234,983.352,1094.603,4918179400,53217101000.000
20130830,1096.019,1230.926,1094.142,1167.024,4416659800,49044700000.000
20130930,1172.859,1263.771,1162.233,1246.994,3568788800,37170510000.000
20131031,1246.560,1322.842,1170.176,1204.990,3769081600,42156268000.000
20131129,1198.603,1318.746,1166.296,1316.998,3138248500,36664992000.000
20131231,1275.827,1286.764,1179.581,1266.220,3397849400,39006762000.000
20140130,1263.291,1406.832,1234.807,1385.518,3599003900,43929684000.000
20140228,1370.277,1602.844,1366.882,1505.310,4442917600,51440510000.000
20140331,1504.200,1577.462,1387.763,1404.361,4144686400,50491417000.000
20140430,1402.513,1549.045,1333.622,1378.739,2976312900,38518809000.000
20140530,1375.383,1453.698,1343.220,1424.974,2460408600,29975211000.000
20140630,1424.674,1537.701,1385.246,1536.252,3214810400,38167470000.000
20140731,1536.737,1613.918,1485.805,1612.665,4629119500,56932637000.000
20140829,1614.362,1842.902,1585.733,1818.911,4629566000,59799063000.000
20140930,1828.096,2068.643,1827.277,2067.960,5531951300,76381574000.000
20141031,2068.156,2209.750,2056.510,2179.840,3977374000,55796575000.000
20141128,2187.533,2395.232,2160.571,2381.028,4419529200,67475910000.000
20141231,2371.503,2381.041,1917.280,1955.036,5458882600,77478182000.000
20150130,1958.480,2255.993,1921.428,2173.456,4254417300,59612669000.000
20150227,2165.088,2337.962,2136.544,2337.389,3390210600,49217753000.000
20150331,2359.655,2897.183,2350.361,2866.664,8820417000,139972650000.000
20150430,2881.503,3560.479,2881.503,3504.147,9586035000,190943250000.000
20150529,3518.468,5905.177,3376.037,5456.224,10283030700,225915890000.000
20150630,5511.282,6786.629,4492.835,5218.448,10431271200,263148120000.000
20150731,5133.461,5461.612,3074.304,4533.947,8913695000,153741830000.000
20150831,4462.820,5514.236,3369.800,3649.464,7988087100,134406320000.000
20150930,3546.236,3705.597,3032.096,3165.727,7096064600,95621308000.000
20151030,3262.724,4205.306,3235.372,4077.051,9040166900,152102940000.000
20151130,3951.633,5327.412,3928.335,4968.795,11129503100,234796040000.000
20151231,4957.993,5418.569,4597.219,5267.325,9567410800,210342780000.000
20160129,5248.546,5273.508,3125.703,3301.654,7960086600,128349075000.000
20160229,3299.610,3940.429,3205.277,3281.714,6344324000,98362953000.000
20160331,3258.742,4377.041,3171.230,4345.099,10349838000,176101930000.000
20160429,4319.442,4722.950,4212.347,4402.491,7190834500,133566787000.000
20160531,4403.151,4713.343,3979.458,4561.313,6373224900,122570184000.000
20160630,4563.118,5461.438,4563.118,5402.053,8493587300,198436100000.000
20160729,5419.835,5626.597,4965.944,5025.484,7140804700,179552680000.000
20160831,4982.877,5303.254,4815.042,5145.392,5540742700,120742152000.000
20160930,5172.834,5264.010,4850.145,4979.629,3698237500,92307096000.000
20161031,5021.778,5334.401,5021.778,5287.365,4126189600,96480635000.000
20161130,5270.132,5767.910,5270.132,5548.288,8162987100,174467100000.000
20161230,5547.905,5579.395,4862.026,4992.698,4364745400,98807071000.000
20170126,5014.987,5148.302,4426.650,4780.663,3963823500,80843928000.000
20170228,4777.376,4987.152,4722.030,4950.789,4123685800,85647204000.000
20170331,4953.504,5416.673,4925.698,5004.439,6300351300,150274130000.000
20170428,4998.110,5157.792,4277.869,4490.206,4029245400,87477950000.000
20170531,4476.992,4549.357,3988.226,4114.905,3954168200,81889933000.000
20170630,4080.725,4281.591,3811.573,4200.324,4748018800,82046650000.000
20170731,4206.287,4540.032,3949.821,4270.302,9236760400,152621540000.000
20170831,4260.718,4594.561,4071.486,4594.561,8464919800,154472590000.000
20170929,4599.686,4979.450,4587.824,4935.590,9403407800,190260560000.000
20171031,5008.779,5083.241,4651.229,4744.217,5618816800,122417390000.000
20171130,4739.809,4979.923,4270.911,4329.595,7327166700,152721190000.000
20171229,4319.763,4427.668,4063.168,4193.375,5173607500,101970236000.000
20180131,4206.402,4259.018,3766.546,3776.471,6319488100,146993910000.000
20180228,3757.862,3785.457,3121.823,3588.850,4508460100,76028506000.000
20180330,3574.664,4027.858,3471.295,4023.455,9075636700,163643300000.000
20180427,4054.222,4133.179,3726.556,3807.100,7883596300,153245020000.000
20180531,3812.607,4122.693,3658.524,3817.566,6301145500,111419472000.000
20180629,3788.933,3867.961,3244.001,3564.724,6182303900,93999355000.000
20180731,3552.681,3717.710,3346.710,3543.171,7226371900,127244731000.000
20180831,3558.870,3568.960,3147.864,3184.331,4844014200,78678217000.000
20180928,3182.159,3272.226,3076.438,3159.663,4418481200,57569472000.000
20181031,3104.180,3108.152,2555.007,2787.553,4801758600,54456925000.000
20181130,2822.109,3261.798,2806.774,3099.334,8499752100,88748393000.000
20181228,3168.656,3219.751,2946.213,2952.987,5700405600,63316950000.000
20190131,2959.176,3109.687,2800.189,2819.067,6141018900,65349792000.000
20190228,2825.893,3579.543,2825.893,3484.249,7081416100,79983299000.000
20190329,3501.933,4113.738,3451.299,3938.975,13751669000,170445570000.000
20190430,3958.954,4167.129,3647.379,3687.634,10469358300,125364465000.000
20190531,3558.303,3762.341,3350.441,3723.666,9082925300,97101051000.000
20190628,3735.363,3805.092,3502.811,3754.661,9289026200,100460951000.000
20190731,3842.246,3926.362,3603.527,3779.876,9464413800,133155950000.000
20190830,3757.969,3935.259,3518.088,3780.187,8972007400,144777750000.000
20190930,3794.658,4190.774,3794.658,3825.644,9884506200,159907100000.000
20191031,3829.420,4001.866,3735.253,3836.282,6049195300,95507212000.000
20191129,3827.711,3948.681,3680.435,3800.512,7142997200,115377321000.000
20191231,3799.339,4406.167,3779.269,4317.932,10460773200,153080810000.000
20200123,4337.073,4737.626,4333.605,4548.331,9021090400,146822010000.000
20200228,4105.171,5346.626,3928.490,4777.187,17175205000,301483800000.000
20200331,4859.819,5188.111,4062.520,4117.738,13788072000,221673560000.000
20200430,4133.884,4481.644,4022.232,4353.656,8625013600,134053303000.000
20200529,4321.938,4557.481,4267.645,4430.757,6524910600,109685372000.000
20200630,4455.547,4992.719,4455.547,4978.549,9843803400,168553530000.000
20200731,5007.911,5836.871,4909.960,5334.667,15576152000,308782200000.000
20200831,5372.748,5593.218,5176.213,5406.760,9304980900,153448070000.000
20200930,5422.090,5605.663,4969.800,5031.960,10835657400,131823069000.000
20201030,5127.333,5476.817,5127.333,5190.894,6551363900,106805031000.000
20201130,5183.455,5595.863,5146.371,5373.560,8648022700,151313290000.000
20201231,5357.237,5550.321,5121.867,5371.846,9427904400,171083970000.000
20210129,5392.735,5546.907,4901.443,4973.624,9378831500,195202870000.000
20210226,4934.011,5092.637,4577.664,4943.016,5181348500,91813758000.000
20210331,4955.091,5109.009,4735.103,4775.454,6135904600,98060912000.000
20210409,4777.514,4990.575,4741.829,4914.186,1841196000,23474277000.000
