20070831,1001.596,1158.131,951.848,1136.000,2119973700,23683182000.000
20070928,1139.745,1164.473,1048.500,1093.106,1540601600,17239939000.000
20071031,1110.421,1115.672,909.908,997.808,1171804820,13187305300.000
20071130,1003.278,1003.278,907.642,960.575,783199820,7942233200.000
20071228,955.852,1237.665,955.852,1226.996,1442384300,17093578000.000
20080131,1226.264,1384.414,1115.379,1115.379,1919133100,27457594000.000
20080229,1109.949,1261.628,1040.062,1251.676,993146000,13132880300.000
20080331,1248.079,1314.108,960.401,982.538,1271634430,15590817000.000
20080430,975.546,1003.959,796.058,1003.959,1175040750,12824034100.000
20080530,1012.225,1130.437,972.180,1003.998,1824353700,22022326000.000
20080630,1004.202,1004.202,765.864,801.809,652073320,6485168600.000
20080731,802.394,1057.415,775.264,964.201,1837006300,17497392000.000
20080829,950.371,990.007,757.675,791.347,1356980500,10185215700.000
20080926,782.944,783.976,646.824,695.219,780395680,4739479200.000
20081030,683.989,716.131,606.034,634.401,1092757250,5999936200.000
20081128,628.135,818.336,626.337,736.419,1608004100,8824006900.000
20081231,734.750,915.181,734.750,777.738,2566819600,15245472000.000
20090123,789.451,873.924,789.451,867.986,1004638370,6310187000.000
20090227,891.966,1153.080,891.966,952.609,3819016600,26511438000.000
20090331,941.427,1093.218,941.427,1086.301,2281501800,15804314000.000
20090430,1087.476,1155.601,989.780,1029.533,2847426900,22678502000.000
20090527,1031.197,1107.416,1031.197,1076.617,1902082800,13847288000.000
20090630,1081.500,1147.727,1077.373,1129.269,2595988100,18915728000.000
20090731,1127.900,1284.533,1127.900,1250.779,3452743600,28500309000.000
20090831,1253.938,1384.879,1086.195,1171.009,3213892800,26738944000.000
20090930,1154.907,1345.647,1137.928,1141.326,2897141100,24560006000.000
20091030,1161.223,1304.885,1161.223,1229.779,1808937600,16202332000.000
20091130,1202.082,1539.096,1202.082,1484.338,4738243700,43771137000.000
20091231,1485.186,1575.423,1365.704,1485.231,2793658400,29954762000.000
20100129,1506.308,1599.616,1451.122,1489.355,3663311500,37501541000.000
20100226,1500.896,1570.932,1448.018,1566.092,2304821300,28119530000.000
20100331,1565.412,1672.379,1522.908,1592.286,3725927700,44413771000.000
20100430,1592.174,1678.953,1505.068,1505.068,3421069000,43102917000.000
20100531,1481.623,1589.589,1263.412,1354.974,2199380100,23107634000.000
20100630,1340.996,1419.249,1238.719,1238.719,1815153100,19535310000.000
20100730,1237.900,1444.683,1214.211,1439.482,2534381500,30139873000.000
20100831,1444.428,1717.965,1444.428,1717.965,3098889500,45676666000.000
20100930,1728.287,1797.170,1643.304,1679.400,2890208100,46739528000.000
20101029,1687.745,1799.690,1615.989,1795.596,2656691200,41557512000.000
20101130,1800.898,2018.115,1786.022,1846.434,4958480400,74462584000.000
20101231,1837.320,1953.716,1704.778,1795.040,2394991400,38542430000.000
20110131,1800.696,1823.173,1511.999,1629.660,1334217340,20939779000.000
20110228,1626.874,1792.094,1610.363,1789.957,1681075200,26602031000.000
20110331,1791.384,1831.019,1709.857,1716.831,3037650400,44184781000.000
20110429,1719.196,1845.452,1654.175,1721.453,2522349600,33529068000.000
20110531,1721.355,1799.611,1630.159,1700.228,2386632800,31478177000.000
20110630,1690.398,1774.629,1594.855,1738.983,3174325000,39144432000.000
20110729,1744.558,1948.200,1736.096,1821.755,3358549500,45683292000.000
20110831,1818.559,1923.854,1643.075,1834.149,2690843300,41487132000.000
20110930,1838.016,1843.812,1561.251,1579.740,1342933000,19509492000.000
20111031,1592.126,1729.381,1520.804,1679.839,1100628300,15000796000.000
20111130,1662.919,1767.103,1625.295,1666.127,2036678300,26633101000.000
20111230,1706.674,1727.035,1305.917,1381.276,1139249460,14018310000.000
20120131,1391.480,1436.802,1249.303,1390.547,895971410,9901455000.000
20120229,1386.824,1628.960,1379.523,1563.076,2282121700,25196986000.000
20120330,1560.439,1676.922,1421.483,1434.306,2379797500,30966508000.000
20120427,1435.718,1554.845,1434.850,1525.953,2240223000,23656514000.000
20120531,1539.547,1565.385,1423.491,1498.441,2690879300,27936797000.000
20120629,1499.225,1515.770,1379.392,1416.177,1399225900,14858762000.000
20120731,1429.731,1482.814,1318.068,1333.426,2932035300,29566280000.000
20120831,1332.225,1446.570,1253.015,1268.229,2739153900,22659946000.000
20120928,1268.920,1402.537,1224.445,1280.474,2002163600,19506205000.000
20121031,1278.873,1327.716,1218.816,1236.710,1507734200,14303835000.000
20121130,1236.627,1269.408,1052.286,1067.622,1609614000,14892862000.000
20121231,1064.152,1285.928,992.703,1261.178,4082431100,33438875000.000
20130131,1267.154,1386.152,1240.158,1338.902,3529737200,34449176000.000
20130228,1339.348,1382.777,1296.948,1334.020,2050168300,20451871000.000
20130329,1334.108,1363.311,1215.431,1236.373,2610168400,22457431000.000
20130426,1231.427,1274.395,1150.706,1176.240,3416278900,27761003000.000
20130531,1172.604,1299.028,1169.540,1286.157,3416713800,30532044000.000
20130628,1285.374,1288.247,971.746,1039.351,1562149100,13334300500.000
20130731,1038.694,1129.588,1027.872,1077.736,2111489900,17603529000.000
20130830,1091.438,1262.665,1086.537,1216.121,3547879300,31910028000.000
20130930,1215.291,1303.567,1199.551,1247.588,4989018200,40166285000.000
20131031,1250.191,1400.157,1201.123,1233.887,4598108700,42636065000.000
20131129,1227.649,1378.936,1211.730,1370.996,3822346000,35045983000.000
20131231,1338.032,1360.077,1230.575,1274.956,2411159200,23392867000.000
20140130,1273.808,1300.758,1176.957,1211.398,1896789400,18340001000.000
20140228,1205.393,1331.458,1192.813,1220.179,2766029200,28460396000.000
20140331,1215.669,1251.180,1165.802,1192.732,2405171200,21591788000.000
20140430,1191.832,1312.869,1190.015,1233.885,2097581000,20194600000.000
20140530,1235.177,1287.431,1228.788,1260.286,1804255700,19464534000.000
20140630,1259.025,1313.982,1229.941,1313.925,1793613200,17071009000.000
20140731,1312.611,1425.865,1310.268,1425.865,3028879000,28672531000.000
20140829,1422.559,1561.347,1418.087,1512.569,3440537400,34576952000.000
20140930,1511.488,1684.406,1510.859,1675.162,4697067300,47281131000.000
20141031,1677.065,1705.543,1565.254,1641.566,3156067100,32631672000.000
20141128,1638.887,1670.547,1550.529,1658.602,4096374400,39398924000.000
20141231,1656.681,1672.571,1446.440,1469.785,5645514900,54590480000.000
20150130,1467.405,1632.840,1451.797,1590.994,3887118500,38984762000.000
20150227,1582.641,1689.821,1499.534,1689.669,2176116700,22177268000.000
20150331,1700.037,2152.485,1695.813,2134.122,7800586900,87410623000.000
20150430,2138.186,2397.422,2108.278,2360.483,8048761300,106282325000.000
20150529,2358.010,3290.137,2202.397,3038.641,7884388000,118437940000.000
20150630,3078.599,3887.135,2839.194,3273.503,8145047900,142091720000.000
20150731,3231.636,3825.056,1791.993,3274.749,9394434000,127908949000.000
20150831,3207.185,3671.590,2353.436,2580.859,7986158100,106626671000.000
20150930,2531.279,2567.148,2111.027,2365.251,5052153500,50060408000.000
20151030,2446.615,2981.543,2422.963,2917.262,5468580600,62443295000.000
20151130,2857.166,3601.338,2827.118,3438.016,8818575400,131150872000.000
20151231,3437.078,3724.620,3207.825,3594.303,7818461200,121093682000.000
20160129,3591.362,3591.362,2434.313,2558.870,5643712800,75759499000.000
20160229,2550.810,3047.987,2472.380,2691.209,3636930600,50830951000.000
20160331,2679.099,3267.008,2662.829,3234.117,5938357800,94139750000.000
20160429,3210.287,3313.414,2984.531,3063.565,4647423000,78966571000.000
20160531,3069.853,3219.728,2898.070,3098.775,4396827300,77355578000.000
20160630,3092.364,3196.482,2949.456,3177.328,6968733200,79928506000.000
20160729,3177.604,3439.102,3168.763,3245.487,7809287800,88167348000.000
20160831,3228.796,3365.760,3149.251,3361.962,5649191000,62541458000.000
20160930,3352.677,3378.187,3201.108,3292.043,4337359600,47549038000.000
20161031,3316.232,3462.233,3316.232,3423.860,3759986400,42569254000.000
20161130,3420.734,3670.152,3420.734,3510.687,7071339700,90764704000.000
20161230,3511.298,3537.718,3314.694,3403.599,5398856000,65178604000.000
20170126,3404.487,3519.155,3074.392,3290.928,3978781000,48791543000.000
20170228,3286.291,3431.755,3242.592,3392.795,4178738000,55875907000.000
20170331,3396.650,3427.687,3229.296,3241.190,4423640000,59764425000.000
20170428,3261.079,3338.670,2850.730,2936.463,6299290600,53989200000.000
20170531,2919.264,2922.760,2492.524,2576.042,3466372100,33250387000.000
20170630,2571.560,2794.241,2490.697,2729.583,3059333600,31649848000.000
20170731,2739.361,2844.840,2609.058,2838.677,3503990000,41395555000.000
20170831,2836.053,2938.826,2776.180,2915.604,4793663600,52651347000.000
20170929,2914.344,2968.478,2803.694,2830.946,3778028400,38911261000.000
20171031,2848.465,2989.137,2828.702,2926.690,4116258900,42732892000.000
20171130,2915.641,2937.036,2716.290,2750.873,4969082000,53725117000.000
20171229,2748.127,2807.725,2676.772,2701.972,4175042500,41993126000.000
20180131,2699.680,2791.214,2598.413,2604.518,4824182900,51460461000.000
20180228,2587.004,2587.004,2115.373,2304.340,3402303100,30197952000.000
20180330,2288.558,2436.295,2235.711,2349.858,5929208400,49063211000.000
20180427,2375.455,2392.684,2173.596,2251.087,5090686700,46857401000.000
20180531,2254.448,2530.947,2248.336,2416.758,8148685200,92432312000.000
20180629,2399.284,2464.758,1997.160,2071.037,6346012600,79828225000.000
20180731,2071.249,2252.150,1922.165,2196.571,5679114200,59814875000.000
20180831,2201.850,2218.245,2012.426,2075.548,5792231300,56842254000.000
20180928,2077.920,2168.686,1939.174,1985.576,5815882700,42941239000.000
20181031,1962.073,1989.238,1630.031,1825.567,5257173900,36361898000.000
20181130,1830.998,2133.625,1825.114,2011.612,8173834300,52068385000.000
20181228,2033.868,2096.721,1876.203,1901.313,5183202400,46146713000.000
20190131,1909.446,2171.843,1889.418,1992.785,7604838400,70412510000.000
20190228,1997.132,2808.384,1996.578,2678.243,11429471300,109315550000.000
20190329,2699.612,3495.435,2684.638,2989.696,17954381000,234147760000.000
20190430,3010.018,3534.908,2925.174,3047.008,16025613000,217207510000.000
20190531,2944.968,3034.523,2667.505,2821.007,11706398600,148823590000.000
20190628,2811.532,2842.186,2481.318,2587.886,7957165600,97536732000.000
20190731,2618.520,2755.836,2553.301,2665.263,8680417500,141549060000.000
20190830,2644.099,2722.177,2446.976,2643.773,5627957500,132638255000.000
20190930,2643.331,2739.158,2417.803,2487.647,4902205600,106127222000.000
20191031,2523.984,2957.888,2512.493,2746.658,6176036700,132116358000.000
20191129,2714.131,2787.718,2459.798,2477.902,4835587300,111171960000.000
20191231,2493.124,2589.336,2431.984,2550.611,4517180300,98167373000.000
20200123,2566.671,2702.399,2340.306,2361.974,4114859400,85888443000.000
20200228,2138.990,2575.019,1966.618,2370.803,7066742900,148673110000.000
20200331,2373.916,2649.768,2243.193,2619.503,9948417800,194229910000.000
20200430,2591.060,2739.053,2289.760,2390.295,9960444800,136817850000.000
20200529,2364.495,2486.518,2359.391,2416.708,5381376500,107874840000.000
20200630,2415.655,2591.843,2372.852,2466.590,7038138700,112953210000.000
20200731,2465.118,2934.319,2461.188,2924.909,12313616400,213914690000.000
20200831,2925.129,3157.106,2852.577,3073.768,12188074600,176650560000.000
20200930,3063.523,3156.750,2654.020,2677.888,6299345800,112443603000.000
20201030,2701.658,2850.651,2522.499,2524.432,3580007000,65439567000.000
20201130,2522.523,2860.667,2490.675,2804.124,6163749500,87233306000.000
20201231,2784.946,3112.397,2708.531,2746.440,13878897000,146403280000.000
20210129,2755.342,3061.906,2450.794,2465.657,8652252700,154160890000.000
20210226,2459.099,2799.214,2408.108,2662.866,5095639100,138751040000.000
20210331,2673.892,2784.527,2586.698,2630.087,6215731000,112524689000.000
20210409,2628.231,2711.138,2623.518,2700.326,1355759200,21114514000.000
