20070831,1001.823,1215.871,904.261,1211.049,689572830,9280108300.000
20070928,1226.990,1403.257,1215.976,1368.844,590367870,9089500100.000
20071031,1384.640,1576.131,1236.737,1355.087,466576610,8815744400.000
20071130,1353.068,1353.068,1173.361,1214.179,363672700,5361612500.000
20071228,1205.940,1492.020,1205.940,1483.126,455894910,6982790100.000
20080131,1483.428,1582.090,1317.248,1333.898,628609660,10918509700.000
20080229,1325.757,1500.522,1275.189,1472.892,451823250,6804680800.000
20080331,1473.960,1575.331,1109.161,1109.161,864565710,12787531700.000
20080430,1102.650,1153.649,907.024,1153.649,651186490,8245730800.000
20080530,1170.810,1353.733,1097.752,1131.451,708397640,9845644600.000
20080630,1128.449,1128.449,822.626,839.907,243589020,2457916400.000
20080731,841.044,1027.858,817.005,942.565,561273120,5633344600.000
20080829,937.931,951.196,770.743,802.154,239007420,1771076000.000
20080926,796.265,796.265,660.900,734.558,238128370,1555641600.000
20081030,746.973,769.260,660.768,673.737,280928030,1770316300.000
20081128,664.696,862.024,659.865,743.664,515435650,2796373200.000
20081231,748.622,918.131,748.622,870.869,969957330,6582342000.000
20090123,879.873,1021.247,879.241,1021.247,648643980,5015624700.000
20090227,1038.511,1318.532,1038.511,1108.889,1016924000,11102258500.000
20090331,1099.733,1308.449,1099.733,1305.269,1290063240,10349473000.000
20090430,1314.415,1503.943,1295.001,1501.697,1677182900,18194024000.000
20090527,1500.179,1619.673,1462.262,1531.834,1381133300,14511021000.000
20090630,1543.894,1766.247,1543.894,1728.712,1488673700,16232921000.000
20090731,1714.282,1859.835,1688.033,1791.493,1933282600,21396247000.000
20090831,1793.326,1919.476,1490.204,1567.387,1382939200,16042773000.000
20090930,1534.425,1774.795,1534.425,1593.456,1085762230,11878500800.000
20091030,1613.999,1810.201,1613.999,1740.560,821205520,10137797900.000
20091130,1700.842,2100.637,1700.842,1999.318,1859737600,24914821000.000
20091231,2006.740,2142.992,1846.834,2008.475,1314159460,19330458000.000
20100129,2028.107,2206.322,1925.106,1972.027,1263316330,19204871000.000
20100226,1972.326,2120.963,1922.640,2106.200,709829430,9564651900.000
20100331,2109.099,2195.260,2033.452,2172.541,1170322620,16469764000.000
20100430,2167.889,2322.013,2013.133,2013.133,1348223400,19787898000.000
20100531,1947.246,2118.247,1754.668,2065.744,884316390,12165553200.000
20100630,2035.874,2162.911,1786.082,1815.807,627352140,9164189500.000
20100730,1803.540,2023.894,1708.442,2023.894,632951550,7977131200.000
20100831,2021.433,2356.981,2019.680,2356.981,1200085420,16016623000.000
20100930,2354.320,2461.703,2267.011,2313.561,984002710,15397762000.000
20101029,2329.394,2453.173,2224.307,2407.257,913439680,15798272000.000
20101130,2416.158,2627.517,2362.973,2557.327,1418254900,24533896000.000
20101231,2550.220,2636.145,2306.009,2439.728,1071580070,17647214000.000
20110131,2464.046,2481.336,2129.714,2320.501,659767040,9253752100.000
20110228,2321.515,2522.174,2290.680,2521.572,641959880,10737702800.000
20110331,2524.657,2640.428,2430.109,2441.326,1072247510,17822632000.000
20110429,2454.354,2653.584,2344.479,2401.941,981000960,15601762000.000
20110531,2404.279,2490.825,2182.813,2235.092,721677260,10369117200.000
20110630,2221.018,2281.724,1983.676,2181.408,609833780,8027693100.000
20110729,2186.366,2561.655,2179.330,2449.187,1407186400,19658337000.000
20110831,2442.339,2521.198,2163.016,2435.616,1088756770,15074143000.000
20110930,2437.700,2461.539,2042.270,2065.075,688369410,8781921400.000
20111031,2076.532,2176.747,1913.273,2135.831,523353550,6151241500.000
20111130,2115.683,2339.083,2094.899,2226.613,968743740,12041685000.000
20111230,2288.220,2307.881,1826.285,1890.923,575024990,6518020500.000
20120131,1917.451,1927.637,1681.769,1831.417,382740730,3860659800.000
20120229,1830.856,2069.759,1815.101,2009.446,913976610,9604618100.000
20120330,2006.296,2125.622,1842.520,1857.988,867305690,9387557600.000
20120427,1862.333,2055.387,1857.118,1995.600,643576460,6814890700.000
20120531,2002.695,2040.236,1933.136,2009.768,735535530,7556297800.000
20120629,2016.550,2043.040,1821.537,1861.402,468621990,4605984200.000
20120731,1866.986,1915.395,1677.013,1690.511,817947720,6940062100.000
20120831,1688.820,1818.261,1647.484,1745.866,687482630,5290652300.000
20120928,1740.628,1829.433,1640.306,1700.537,626733260,4882655700.000
20121031,1700.749,1784.403,1622.326,1636.146,625040020,4757408800.000
20121130,1645.144,1734.398,1456.800,1484.458,792286330,5973514800.000
20121231,1487.426,1731.525,1399.701,1720.671,1542662600,10969800000.000
20130131,1731.240,1844.643,1678.514,1780.873,1543449400,12499047300.000
20130228,1781.763,1910.567,1736.968,1902.343,1023037240,9649147800.000
20130329,1884.904,1950.486,1752.223,1765.427,1234346830,11202207000.000
20130426,1790.849,1876.545,1692.310,1712.621,1008933120,9258889300.000
20130531,1705.941,2052.926,1695.837,2026.747,1613476200,15229770000.000
20130628,2022.288,2040.326,1542.802,1636.722,878955140,8512478500.000
20130731,1635.267,1782.925,1586.886,1700.791,777117080,7348146500.000
20130830,1702.977,1885.232,1698.901,1824.275,998876980,10116552000.000
20130930,1801.370,1904.335,1801.370,1892.793,1088577910,9988003100.000
20131031,1889.764,2110.973,1866.143,1927.369,1906511900,18022829000.000
20131129,1929.296,2044.195,1857.844,2039.378,1583975600,14320773000.000
20131231,1993.491,2138.934,1901.593,2089.220,1466152400,15722621000.000
20140130,2085.041,2140.366,1983.850,2071.073,898807000,12104589000.000
20140228,2061.638,2220.756,1945.857,1999.469,791254220,10575101800.000
20140331,1999.024,2049.179,1814.107,1826.217,569224390,6890529900.000
20140430,1827.738,1940.030,1706.244,1758.393,496900570,6080274300.000
20140530,1758.197,1831.935,1751.750,1796.812,433283090,5050644800.000
20140630,1795.528,1885.884,1770.138,1883.326,462966920,5016266100.000
20140731,1882.148,2024.397,1871.790,2023.264,817507550,8837674800.000
20140829,2020.084,2246.037,2011.991,2213.035,906418670,11515361100.000
20140930,2209.241,2472.120,2200.072,2452.912,986139550,13080899700.000
20141031,2453.320,2536.375,2355.562,2475.797,968691590,12775795900.000
20141128,2502.205,2548.506,2364.103,2507.194,1283998110,17032678000.000
20141231,2499.672,2575.770,2216.913,2262.449,1544111300,20590847000.000
20150130,2262.449,2630.371,2223.704,2557.981,1189644550,17408582000.000
20150227,2561.178,2765.854,2435.587,2755.636,729485020,10694449600.000
20150331,2764.591,3270.257,2720.000,3233.237,1536868000,25935728000.000
20150430,3236.008,3765.669,3229.079,3720.721,1536517000,32074960000.000
20150529,3762.114,7824.578,3701.561,7648.902,1895163300,48963432000.000
20150630,7858.290,9980.802,7102.088,8224.340,2333843100,76382857000.000
20150731,8106.457,8636.072,4754.946,7466.571,2043909800,54265572000.000
20150831,7274.099,8242.373,5163.248,5838.393,1604287800,41783774000.000
20150930,5744.330,6021.884,4943.064,5754.242,876784160,18696662000.000
20151030,5978.657,7626.813,5942.693,7415.564,1181876300,25137275000.000
20151130,7225.937,9591.906,7174.028,9218.766,2322728300,40413570000.000
20151231,9142.711,10277.851,8640.677,9703.108,2569405600,43489507000.000
20160129,9710.655,9710.655,6511.409,6841.897,1280877990,19777657000.000
20160229,6801.606,7761.731,6526.316,6636.401,977402830,12606068900.000
20160331,6661.288,8363.702,6431.502,8323.505,1493804200,23576097000.000
20160429,8431.711,8884.268,8082.109,8498.235,1231660260,22895920000.000
20160531,8454.682,8980.304,7846.214,8428.707,1064084520,17539315000.000
20160630,8418.405,8712.633,8014.715,8645.383,1290004940,17150157000.000
20160729,8664.595,9424.586,8610.452,8915.858,1614473100,23351320000.000
20160831,8898.026,9585.818,8511.672,9575.218,1304009690,19520758000.000
20160930,9600.752,10009.599,9453.083,9710.713,1163203390,17950226000.000
20161031,9787.320,9997.715,9683.456,9900.934,946458890,12716709400.000
20161130,9916.335,10202.346,9683.591,10017.042,1475789000,21390870000.000
20161230,10011.477,10099.609,9340.736,9559.423,1174743580,15530728000.000
20170126,9566.251,9700.194,8798.062,9152.626,708641970,9460318300.000
20170228,9160.635,9701.458,9101.778,9631.255,797355500,11894727200.000
20170331,9603.565,9788.707,9332.260,9471.508,1223093900,16869023000.000
20170428,9471.508,9711.641,8898.236,9121.518,1248196650,14808575000.000
20170531,9108.342,9264.981,8338.657,8529.593,1426113800,21572362000.000
20170630,8485.456,8659.156,8128.179,8497.053,1351915500,15747104000.000
20170731,8593.230,8598.065,7639.885,7918.421,939283930,11236014800.000
20170831,7931.299,8275.343,7767.226,8223.429,1072330170,12353400600.000
20170929,8210.870,8271.788,7923.184,8025.587,688125430,8179897000.000
20171031,8091.543,8490.506,8023.583,8143.049,980731310,10882415300.000
20171130,8152.160,8185.770,7524.046,7567.666,902713190,12210661900.000
20171229,7565.831,7635.701,7219.643,7498.062,629084260,8781180900.000
20180131,7514.539,7683.769,7177.406,7177.406,703277860,9709599800.000
20180228,7187.473,7302.795,6523.332,7185.605,1375870500,9209385700.000
20180330,7160.190,7723.859,7070.405,7375.412,1603578000,12579925200.000
20180427,7370.359,7794.617,7135.154,7255.076,1377060400,14196841000.000
20180531,7259.218,7853.876,7250.191,7538.613,883504600,12593547700.000
20180629,7547.246,7710.781,6272.076,6489.216,604286420,8820462700.000
20180731,6472.919,6687.107,6041.947,6175.439,850332540,10277576000.000
20180831,6193.016,6230.846,5650.503,5725.121,920380820,9825615400.000
20180928,5749.638,5862.580,5384.275,5804.009,647688840,6162958400.000
20181031,5733.736,5733.736,4955.266,5521.685,703635130,8015379900.000
20181130,5548.632,6239.730,5502.624,5890.031,798573340,9048446700.000
20181228,5994.929,6056.591,5490.745,5560.358,545113800,5767010400.000
20190131,5572.739,5786.582,5331.691,5404.853,718771440,7297624800.000
20190228,5434.613,6538.971,5428.921,6532.493,1016810820,11160098500.000
20190329,6550.510,7580.953,6446.717,7246.331,1832276500,25381995000.000
20190430,7294.715,8219.515,7282.168,7662.127,2028680100,28566782000.000
20190531,7384.891,7764.043,6536.934,7271.909,2085536100,29935626000.000
20190628,7390.179,7432.922,6612.480,7061.726,1540191700,21530131000.000
20190731,7164.148,7522.578,6855.903,7086.419,1499856300,20782260000.000
20190830,7065.840,8329.709,7037.421,7896.552,2595019900,37663238000.000
20190930,7891.541,9211.461,7779.374,7870.077,2310138900,32265504000.000
20191031,7908.256,8665.408,7834.616,8273.817,1694505300,26010399000.000
20191129,8237.944,8288.897,7062.050,7112.761,1691203200,23920360000.000
20191231,7121.991,7757.154,7003.083,7482.852,1773693800,23018678000.000
20200123,7532.942,8470.957,7520.684,7942.174,2080106700,26455543000.000
20200228,7165.576,8632.955,6931.444,7800.559,2890524600,39004028000.000
20200331,8171.291,8754.259,7199.256,7746.588,2757640600,34508363000.000
20200430,7750.905,8659.721,7498.982,8301.274,2194667900,29699711000.000
20200529,8215.161,9003.132,8208.939,8756.870,1401375600,22630802000.000
20200630,8841.439,9786.495,8827.868,9786.495,2092436600,33541345000.000
20200731,9825.629,12408.873,9684.846,12380.580,3871857200,72755005000.000
20200831,12477.043,12650.281,11085.869,11519.684,3506704300,63749456000.000
20200930,11567.041,11703.739,9791.435,9962.963,3036628100,52111739000.000
20201030,10141.997,10932.421,10127.207,10175.835,1612592800,29548594000.000
20201130,10148.526,10407.392,9722.303,9724.995,1751824400,28349988000.000
20201231,9718.415,9882.578,8537.962,8772.891,1695106300,24531005000.000
20210129,8756.628,9109.227,7968.876,8736.688,2057406400,33127597000.000
20210226,8696.029,9390.259,8601.644,8850.944,1586610600,25528695000.000
20210331,8864.074,9383.103,8841.047,9057.946,2265659100,34252280000.000
20210409,9056.843,9309.714,9005.784,9205.842,348026510,5777163400.000
