20070831,1009.132,1087.971,947.667,1084.623,4558169000,54015706000.000
20070928,1092.650,1112.941,994.858,1043.150,3133847300,36659025000.000
20071031,1055.578,1072.281,847.078,923.045,2090835800,25280000000.000
20071130,924.559,942.376,858.280,909.962,1664256000,18600238000.000
20071228,906.234,1134.075,906.234,1123.253,2266737800,30313013000.000
20080131,1127.636,1252.678,1042.647,1042.647,3119945300,46378083000.000
20080229,1041.679,1240.180,994.761,1240.180,2057534300,32690148000.000
20080331,1241.244,1328.082,985.338,991.181,3214630800,46787933000.000
20080430,973.777,1010.131,780.225,1010.131,3383710000,40507774000.000
20080530,1021.022,1112.320,955.497,977.905,3541057900,47462146000.000
20080630,974.963,981.861,733.116,764.526,1340936050,14191405000.000
20080731,765.680,927.596,750.943,856.345,3153388300,33096142000.000
20080829,850.739,865.669,652.385,682.618,1330180630,10252299600.000
20080926,673.326,673.326,536.169,581.896,1175273650,7226526100.000
20081030,578.625,593.577,512.159,519.463,1523998600,8793655900.000
20081128,516.550,696.256,514.052,603.976,2551477800,13567197000.000
20081231,600.903,751.890,600.903,638.406,4183196500,25891877000.000
20090123,649.196,747.745,649.196,744.299,1960851100,12802258000.000
20090227,760.990,967.255,760.990,821.793,5784459800,44415375000.000
20090331,806.316,960.347,806.316,960.347,4096211300,31435592000.000
20090430,961.739,1052.942,909.692,942.857,4669639800,38067188000.000
20090527,946.698,1044.484,946.698,1044.484,3605237700,28686691000.000
20090630,1052.044,1182.365,1052.044,1168.666,3897260200,34085494000.000
20090731,1168.023,1390.750,1168.023,1358.032,6015702300,55778968000.000
20090831,1359.715,1467.346,1111.917,1138.594,4556795800,47372561000.000
20090930,1118.130,1286.038,1105.279,1119.456,3541027900,36584598000.000
20091030,1134.034,1288.711,1134.034,1260.595,2392951200,23614637000.000
20091130,1239.033,1544.253,1239.033,1465.815,6020954500,63623488000.000
20091231,1466.609,1567.620,1407.267,1542.247,4420001600,56185929000.000
20100129,1560.689,1641.208,1469.240,1497.124,3574140800,42993084000.000
20100226,1500.642,1620.825,1464.900,1620.825,2163751800,25605500000.000
20100331,1620.210,1689.051,1572.352,1666.904,4438763200,50792617000.000
20100430,1667.122,1792.741,1545.959,1545.959,4109982700,58522746000.000
20100531,1521.698,1605.417,1285.299,1400.499,2643597100,31363457000.000
20100630,1385.066,1465.145,1246.360,1246.360,1798029100,20370436000.000
20100730,1243.536,1443.300,1198.580,1443.300,2354372100,25672692000.000
20100831,1443.476,1687.175,1443.476,1687.175,3398362000,40877175000.000
20100930,1686.668,1772.583,1656.883,1725.776,3326064300,42927132000.000
20101029,1742.017,1883.530,1707.439,1864.592,3897564200,55273358000.000
20101130,1873.406,2073.574,1803.522,1839.226,4917736600,68533281000.000
20101231,1835.680,1905.657,1709.633,1807.222,2689667500,40995424000.000
20110131,1818.280,1849.470,1578.367,1691.634,1666132700,24459353000.000
20110228,1695.980,1849.845,1678.718,1849.355,2470507500,31600834000.000
20110331,1854.097,1930.083,1841.101,1842.528,4246330800,54668626000.000
20110429,1844.747,1915.959,1728.536,1758.960,2713607500,34874187000.000
20110531,1761.681,1808.117,1624.300,1665.922,2541711100,28789579000.000
20110630,1664.813,1737.075,1597.109,1727.912,2669910700,28182732000.000
20110729,1732.099,1874.444,1728.864,1802.033,3121355400,40867831000.000
20110831,1799.458,1866.672,1606.155,1812.317,2851930900,42352261000.000
20110930,1816.613,1822.817,1520.946,1535.313,1812341300,22512503000.000
20111031,1540.268,1610.682,1446.904,1610.682,1326998700,15371707000.000
20111130,1596.306,1723.811,1576.881,1601.692,2335931300,29415178000.000
20111230,1642.683,1659.471,1271.539,1327.084,1175312020,14091826000.000
20120131,1333.128,1339.888,1188.312,1266.055,1184974190,11099949900.000
20120229,1263.903,1477.703,1257.523,1440.799,2536064300,24344889000.000
20120330,1431.043,1526.293,1306.966,1319.262,2413140700,26258355000.000
20120427,1322.202,1453.378,1322.202,1417.365,1765648400,17982790000.000
20120531,1426.993,1477.711,1353.925,1420.392,2310689400,23784265000.000
20120629,1417.652,1423.085,1301.540,1338.009,1408618500,14070305000.000
20120731,1342.161,1398.974,1229.121,1240.609,2475551600,27785336000.000
20120831,1222.082,1342.603,1218.761,1242.872,2056736200,18922020000.000
20120928,1242.872,1336.975,1197.524,1246.321,1699924600,15713303000.000
20121031,1248.576,1291.955,1185.896,1198.670,1451060200,13388272400.000
20121130,1197.128,1223.363,1026.093,1040.381,1858892900,13518061000.000
20121231,1040.034,1190.897,981.624,1183.335,3434120200,26997635000.000
20130131,1189.015,1276.396,1164.664,1239.169,3419426000,30673290000.000
20130228,1252.799,1307.105,1234.419,1289.382,2433368000,23337444000.000
20130329,1284.224,1306.774,1182.993,1185.025,2761546900,25034465000.000
20130426,1182.284,1199.074,1106.567,1113.744,1603327800,14709298000.000
20130531,1109.676,1263.356,1102.524,1246.526,3164002200,26475305000.000
20130628,1245.663,1248.351,952.557,1004.141,2127573500,19435991000.000
20130731,1001.219,1060.490,985.727,1007.718,2384320800,20130889000.000
20130830,1007.430,1129.677,1006.942,1099.483,3033355900,23711459000.000
20130930,1100.082,1177.308,1093.633,1170.410,2856755300,23727401000.000
20131031,1168.960,1266.926,1113.746,1160.607,3125966800,29856097000.000
20131129,1156.597,1245.911,1133.604,1244.169,2756709800,23623157000.000
20131231,1217.212,1301.326,1169.564,1280.487,3344296900,32012870000.000
20140130,1272.736,1286.298,1169.105,1195.510,2200330300,22049537000.000
20140228,1190.919,1273.652,1144.694,1172.098,2374123100,23266583000.000
20140331,1170.046,1200.004,1114.518,1121.199,2212193500,19632978000.000
20140430,1130.098,1172.974,1054.523,1078.775,2318985700,18751321000.000
20140530,1077.303,1141.419,1067.814,1133.553,1951352100,15305899000.000
20140630,1132.419,1171.903,1109.302,1171.810,2160191100,16394516000.000
20140731,1175.130,1302.317,1173.591,1302.049,5239797400,40235895000.000
20140829,1296.130,1430.618,1292.142,1398.789,5176594000,45094297000.000
20140930,1396.872,1598.034,1396.872,1594.014,6676198600,61031128000.000
20141031,1594.504,1629.610,1471.298,1536.240,5315294100,49330632000.000
20141128,1538.324,1653.489,1502.909,1647.762,7353640100,71955958000.000
20141231,1646.874,1672.816,1505.587,1539.904,10106278100,103641424000.000
20150130,1546.008,1722.718,1529.510,1692.500,6332881000,69605880000.000
20150227,1689.245,1772.555,1642.993,1772.555,3365688300,35880758000.000
20150331,1780.647,2373.520,1767.776,2328.333,10392475600,150126330000.000
20150430,2325.073,2747.967,2325.073,2650.783,13293571800,215581970000.000
20150529,2648.362,3691.299,2451.717,3420.350,14602410000,257362920000.000
20150630,3451.866,4100.078,2671.615,3061.076,17593320000,345878620000.000
20150731,3007.036,3486.991,1860.602,3076.416,18094296000,283216680000.000
20150831,3011.319,3687.937,2376.452,2643.808,13580695000,234935040000.000
20150930,2603.930,2632.785,2170.036,2483.331,9782682000,120784135000.000
20151030,2575.524,3044.908,2550.587,2999.992,9815348400,142488060000.000
20151130,2915.470,3659.413,2901.644,3384.358,10763500200,169272210000.000
20151231,3370.820,3862.407,3249.180,3716.078,7642766800,123990134000.000
20160129,3719.645,3729.456,2476.839,2620.291,6580146000,87748190000.000
20160229,2613.841,3072.808,2532.914,2647.961,5893870800,73106933000.000
20160331,2636.945,3169.882,2611.737,3141.913,9254033200,122336875000.000
20160429,3122.480,3283.466,3031.747,3121.952,7605345900,107149998000.000
20160531,3127.442,3306.416,2933.286,3119.975,7334384100,95815724000.000
20160630,3122.061,3264.660,2987.765,3240.801,7159759100,92018590000.000
20160729,3241.032,3457.820,3207.998,3243.853,10047683300,132254192000.000
20160831,3226.739,3394.489,3151.079,3352.604,7652662700,99861713000.000
20160930,3349.251,3379.750,3195.928,3259.040,4671443000,52897741000.000
20161031,3270.912,3513.416,3270.912,3458.635,5408313600,62815598000.000
20161130,3457.523,3674.014,3454.938,3578.212,9639940900,118105357000.000
20161230,3578.610,3695.719,3385.460,3596.490,8717948000,120946627000.000
20170126,3596.490,3673.736,3258.365,3420.037,5195697700,69525561000.000
20170228,3406.845,3665.278,3375.930,3632.397,6255965400,86493395000.000
20170331,3622.437,3670.203,3464.368,3488.605,6676716300,95974322000.000
20170428,3497.094,3574.323,3061.259,3178.246,5095440800,63007243000.000
20170531,3175.683,3202.494,2775.307,2855.601,4089122100,45558122000.000
20170630,2844.405,2992.283,2731.263,2979.359,4547744200,48071647000.000
20170731,2991.032,3051.344,2776.820,2915.732,6667819600,75269301000.000
20170831,2919.307,3026.259,2856.425,3025.977,8832573700,88770749000.000
20170929,3029.351,3173.284,2998.513,3012.076,8877051400,104067726000.000
20171031,3040.823,3130.242,2915.998,2955.719,4627350100,54948785000.000
20171130,2954.830,3023.130,2736.490,2748.581,6705520800,74496399000.000
20171229,2743.527,2796.318,2657.219,2744.795,4527664100,48778883000.000
20180131,2743.192,2815.716,2681.962,2706.013,6487491700,71623578000.000
20180228,2696.596,2706.162,2308.393,2501.065,3932079500,37173977000.000
20180330,2489.422,2707.808,2481.889,2658.208,5992073900,59548901000.000
20180427,2686.939,2791.219,2469.432,2484.597,3765417300,44856451000.000
20180531,2478.361,2708.423,2457.097,2641.198,5363959700,61178993000.000
20180629,2628.564,2649.509,2200.890,2274.063,4440955500,51441274000.000
20180731,2267.431,2310.797,2109.149,2256.562,4241335800,43670034000.000
20180831,2253.702,2261.549,2027.491,2077.385,4829996500,41992547000.000
20180928,2075.793,2119.358,1978.766,2050.577,2738854700,23457704000.000
20181031,2032.449,2039.709,1713.084,1864.405,3678141400,26211759000.000
20181130,1863.954,2097.941,1863.954,1995.885,5391943500,36277309000.000
20181228,2023.924,2115.302,1914.657,1943.009,4623894100,31119749000.000
20190131,1945.868,2071.014,1900.560,1918.933,4673727000,31809741000.000
20190228,1918.390,2446.787,1918.390,2377.003,7871032700,63450179000.000
20190329,2395.509,2886.670,2378.780,2750.561,17051406000,176918820000.000
20190430,2766.907,3154.028,2760.665,2879.599,18080659000,215031500000.000
20190531,2828.555,2998.377,2606.860,2868.539,18483140000,206971570000.000
20190628,2879.303,2908.060,2587.603,2662.125,13803391000,161804230000.000
20190731,2684.080,2812.653,2633.112,2714.923,13995870000,174157990000.000
20190830,2700.235,2756.949,2525.340,2682.649,12706196500,153152840000.000
20190930,2682.801,2797.632,2482.414,2538.656,10425195500,117682589000.000
20191031,2567.507,2800.955,2557.568,2705.984,10004128200,124886149000.000
20191129,2695.392,2729.753,2512.919,2534.427,8711105900,111757264000.000
20191231,2545.361,2684.280,2501.261,2680.152,8835208300,100491859000.000
20200123,2703.954,2828.680,2533.285,2551.732,10897294500,107499520000.000
20200228,2319.579,2813.843,2182.861,2629.549,18126624000,174433350000.000
20200331,2646.498,3131.224,2623.499,3129.733,23093492000,264233660000.000
20200430,3150.957,3458.248,3013.673,3233.244,27383941000,321407830000.000
20200529,3202.639,3373.832,3113.368,3167.080,14058752000,178452200000.000
20200630,3168.628,3398.104,3123.422,3397.260,13481296000,171521090000.000
20200731,3402.163,4113.467,3388.421,4091.525,27028860000,386769960000.000
20200831,4112.414,4593.579,4112.414,4505.286,25239410000,380925140000.000
20200930,4506.573,4535.002,3735.582,3759.708,13015073200,203828790000.000
20201030,3813.480,3996.090,3527.119,3527.119,8172089900,160055470000.000
20201130,3540.573,3706.630,3488.131,3636.524,11173341900,242081050000.000
20201231,3630.560,3889.172,3533.197,3674.806,18821098000,316807330000.000
20210129,3690.514,4032.452,3456.300,3499.100,20679309000,406574890000.000
20210226,3458.840,3834.210,3343.456,3547.774,13975333000,247420380000.000
20210331,3563.313,3684.157,3352.484,3489.396,12742123100,193778400000.000
20210409,3479.028,3516.703,3450.655,3482.393,2499460300,40476792000.000
