20070831,1004.944,1086.420,968.162,1086.420,2840316500,28220653000.000
20070928,1101.361,1154.697,1072.521,1122.270,2278951700,25025189000.000
20071031,1136.070,1136.070,868.335,951.813,925742110,9288038400.000
20071130,950.078,968.465,879.778,953.119,593743520,5202936500.000
20071228,952.366,1077.357,952.366,1076.822,1047036070,12246457100.000
20080131,1085.334,1244.383,1039.776,1039.776,1918532000,22188025000.000
20080229,1035.150,1156.794,971.185,1142.858,919128040,10074679100.000
20080331,1136.151,1188.690,929.769,929.769,1899260500,21429153000.000
20080430,920.925,920.925,747.182,874.902,1102983640,8885362000.000
20080530,886.563,901.878,777.593,782.656,1097620850,9957568900.000
20080630,780.735,791.446,575.085,611.819,867295950,5884877200.000
20080731,614.526,724.407,605.446,691.108,1667156500,14890192000.000
20080829,683.783,698.284,506.518,529.385,928996550,8707269100.000
20080926,524.356,524.356,436.956,473.926,983905390,6714964900.000
20081031,467.589,467.589,360.980,368.383,780279200,4602986800.000
20081128,367.626,471.717,361.375,446.638,1292855470,7737263500.000
20081231,445.819,539.687,445.819,505.708,2011962800,12944568200.000
20090123,515.413,561.256,515.413,561.256,1196292280,8109424500.000
20090227,564.508,726.864,564.508,621.466,2821149700,20029888000.000
20090331,615.544,745.632,615.544,745.632,2343544100,17522349000.000
20090430,750.289,840.740,742.033,814.323,2955223300,22971485000.000
20090527,818.578,876.665,810.937,834.920,2058969700,17874967000.000
20090630,841.760,896.731,841.717,885.535,2200401300,16287432000.000
20090731,884.495,1082.043,884.495,1061.832,3547693200,31885127000.000
20090831,1064.226,1101.243,893.440,937.999,2280303700,22032519000.000
20090930,936.007,1130.481,919.687,979.194,3242263900,30335187000.000
20091030,989.929,1129.044,989.929,1106.532,2450508500,24459635000.000
20091130,1089.867,1310.822,1089.867,1225.631,3669432000,41856347000.000
20091231,1225.366,1308.192,1169.812,1261.092,2443675000,26034738000.000
20100129,1269.205,1375.926,1178.534,1193.247,1709725800,19736233000.000
20100226,1188.385,1267.716,1147.978,1267.716,796205410,9187026100.000
20100331,1269.268,1318.648,1242.013,1318.648,2186425800,25621040000.000
20100430,1319.754,1368.953,1184.869,1184.869,1918602400,22879162000.000
20100531,1161.750,1210.504,1000.425,1083.340,1154392170,11858292900.000
20100630,1071.212,1130.511,995.969,995.969,818642460,8484873600.000
20100730,997.209,1146.839,979.374,1146.839,1304634510,12490242600.000
20100831,1145.130,1232.209,1140.558,1232.209,1706269800,17600562000.000
20100930,1231.596,1263.443,1196.846,1219.617,1439647700,15419294000.000
20101029,1229.869,1289.572,1190.537,1289.572,1581580000,16469187000.000
20101130,1294.020,1396.874,1273.991,1339.583,3017347800,32313349000.000
20101231,1336.272,1430.052,1299.003,1367.794,1438315600,19371835000.000
20110131,1378.003,1411.102,1198.262,1270.831,845513230,11579601600.000
20110228,1271.068,1409.181,1250.642,1408.853,1280569170,14308455000.000
20110331,1409.553,1452.041,1366.608,1370.180,2539629500,29045199000.000
20110429,1373.225,1496.652,1283.751,1333.423,1817369300,20757762000.000
20110531,1335.077,1394.662,1154.643,1208.866,1673822500,16977227000.000
20110630,1207.576,1240.520,1128.633,1222.833,1012523580,11009145400.000
20110729,1224.449,1337.812,1220.695,1285.511,1941693200,23490484000.000
20110831,1279.732,1310.100,1150.442,1250.344,1779837700,19478382000.000
20110930,1252.480,1259.273,1066.467,1077.084,1171659230,10429277700.000
20111031,1081.963,1127.852,1005.454,1101.092,1003914200,8810768800.000
20111130,1092.931,1167.723,1048.753,1065.940,1971416000,17134447000.000
20111230,1093.629,1100.858,853.608,887.607,1058904690,7965365000.000
20120131,895.982,911.940,801.943,867.144,800962370,5058211900.000
20120229,864.976,1023.988,837.035,981.180,2290168400,19297288000.000
20120330,977.350,1045.785,882.017,890.882,2207145500,21459760000.000
20120427,891.378,971.868,888.409,956.266,2277985200,16221251000.000
20120531,961.382,977.303,886.450,929.175,1988561900,15017827000.000
20120629,926.579,933.196,849.978,868.431,1142995260,8804903700.000
20120731,871.447,879.753,762.856,766.946,1457372500,12012559600.000
20120831,764.415,843.207,759.731,786.020,1342181600,9422800500.000
20120928,782.452,839.273,754.907,783.604,1283015110,8814905000.000
20121031,784.387,836.495,780.026,803.273,1297359470,8889968500.000
20121130,800.059,818.116,696.043,705.922,1133626850,7117087000.000
20121231,705.686,791.887,675.780,790.589,1640664400,10273223900.000
20130131,796.664,868.775,781.548,840.741,2240222500,15886767000.000
20130228,843.263,865.454,829.291,860.148,1681514400,11265788800.000
20130329,867.029,873.931,808.354,817.428,2054708900,14129188000.000
20130426,816.201,825.769,776.149,789.328,1215044340,8411387400.000
20130531,787.236,913.676,785.345,901.305,2573937800,20421835000.000
20130628,898.214,902.615,715.643,763.897,1842458200,14873153000.000
20130731,761.554,859.541,758.185,835.491,3294556000,27659711000.000
20130830,830.385,970.377,830.385,943.090,3585699200,34087114000.000
20130930,941.692,1022.291,940.560,996.384,4086257400,36397374000.000
20131031,992.660,1063.465,925.632,952.588,3156025200,29472333000.000
20131129,948.063,1023.944,918.414,1016.880,2694946000,23170428000.000
20131231,991.767,1007.791,939.949,988.770,2865051600,26525017000.000
20140130,991.143,1079.092,959.244,1068.029,2372062600,31244323000.000
20140228,1060.145,1169.921,1053.866,1090.077,2857388800,35433107000.000
20140331,1086.625,1121.007,1023.262,1034.209,2593393300,27772447000.000
20140430,1032.528,1102.189,979.768,1013.065,1974106300,25617968000.000
20140530,1009.069,1046.433,974.414,1012.720,1652173000,20320795000.000
20140630,1015.139,1077.800,985.777,1077.800,1878296700,19000040000.000
20140731,1075.644,1129.594,1055.184,1129.435,5012090400,39134385000.000
20140829,1132.540,1222.878,1122.658,1191.467,4684515200,42039303000.000
20140930,1191.326,1358.335,1188.394,1356.637,5300493000,52712753000.000
20141031,1360.849,1403.336,1269.654,1362.863,4344365100,43186148000.000
20141128,1361.571,1441.682,1300.849,1429.951,4393918500,48631429000.000
20141231,1428.521,1528.888,1350.753,1371.536,5696267400,59604482000.000
20150130,1372.646,1527.083,1358.631,1501.693,4549442000,53917917000.000
20150227,1483.536,1642.855,1475.072,1642.855,3120901500,38607037000.000
20150331,1643.377,2131.183,1641.884,2117.283,9798688700,123866107000.000
20150430,2107.851,2514.757,2106.792,2473.049,9317823500,148074300000.000
20150529,2482.379,3999.346,2383.184,3721.357,8822233000,174181800000.000
20150630,3736.889,4574.660,3316.256,3829.884,10074111500,202445240000.000
20150731,3807.287,3979.057,2246.388,3100.433,10511985900,165285620000.000
20150831,3068.963,3637.884,2406.986,2608.279,8681823400,140506330000.000
20150930,2547.190,2582.304,2120.169,2448.991,7297329400,87396144000.000
20151030,2537.670,3084.945,2512.149,3022.610,6931023400,102128958000.000
20151130,2941.635,3777.450,2933.204,3561.109,9242617900,142862660000.000
20151231,3552.121,3720.224,3364.834,3654.598,9889420600,148825120000.000
20160129,3643.475,3662.364,2376.172,2519.891,6530139200,87949034000.000
20160229,2518.091,3160.268,2444.523,2659.918,4723161200,63878516000.000
20160331,2661.137,3233.451,2598.407,3206.723,7357734400,108727710000.000
20160429,3184.677,3442.811,3092.927,3176.606,6671558800,100704363000.000
20160531,3176.192,3371.699,2876.210,3121.152,5227609800,74765022000.000
20160630,3138.943,3456.580,3046.038,3409.369,7402157800,97345130000.000
20160729,3409.096,3619.019,3332.651,3383.931,6683814500,101963222000.000
20160831,3354.152,3582.271,3237.881,3517.888,5361818800,81991288000.000
20160930,3514.810,3555.637,3312.308,3380.243,4148418900,57336716000.000
20161031,3413.395,3604.630,3393.764,3517.157,4186020700,62591281000.000
20161130,3515.105,3845.562,3515.105,3764.080,7276039900,117044576000.000
20161230,3751.309,3782.632,3371.613,3445.933,5001925400,79220114000.000
20170126,3448.460,3516.075,3049.642,3310.769,3311069500,50491538000.000
20170228,3313.370,3620.548,3289.249,3615.060,4799430300,69699299000.000
20170331,3618.092,3816.594,3571.692,3621.221,5681022500,98241630000.000
20170428,3607.004,3737.922,3089.138,3247.211,3820822700,49573597000.000
20170531,3247.559,3295.761,2879.396,3002.331,3362856000,46505349000.000
20170630,2993.120,3157.403,2869.751,3062.273,3826219700,49292972000.000
20170731,3060.322,3120.220,2748.368,2891.552,4023093400,44330087000.000
20170831,2896.375,3017.111,2792.118,3016.505,3545857600,40096902000.000
20170929,3016.034,3118.874,2974.882,3012.868,4122412500,47233184000.000
20171031,3036.981,3128.237,2979.389,3048.956,3147899000,39669346000.000
20171130,3044.028,3059.261,2717.718,2724.958,3399614600,45593261000.000
20171229,2721.131,2744.988,2521.908,2584.668,2467751900,25609034000.000
20180131,2591.924,2625.819,2506.366,2575.600,3393551600,35573028000.000
20180228,2565.966,2573.425,2163.844,2365.001,2528247000,25838982000.000
20180330,2353.876,2556.533,2280.223,2501.775,4158512500,44315518000.000
20180427,2508.740,2523.400,2347.373,2369.515,2878033400,32839376000.000
20180531,2375.442,2538.522,2339.018,2394.283,3829021200,41210905000.000
20180629,2390.305,2468.571,2036.045,2173.532,4390628700,37589100000.000
20180731,2176.218,2278.091,2023.373,2213.141,5023524200,39616519000.000
20180831,2215.617,2233.899,2002.749,2052.883,4413814400,29718373000.000
20180928,2049.693,2072.101,1952.093,2007.824,3641316100,24438853000.000
20181031,1977.082,1983.025,1750.512,1916.482,4046618100,26138269000.000
20181130,1919.487,2183.514,1917.656,2023.429,7610229200,47527444000.000
20181228,2066.876,2109.020,1985.107,1996.582,4848149300,34305354000.000
20190131,2001.677,2133.130,1950.004,1961.500,5472552000,46168623000.000
20190228,1975.566,2463.703,1975.513,2395.939,7738332600,63954031000.000
20190329,2396.689,2818.074,2372.243,2813.513,15784215000,152677100000.000
20190430,2825.724,2983.508,2574.669,2626.845,12668383800,161100120000.000
20190531,2546.397,2559.296,2359.941,2458.101,6923928700,68968308000.000
20190628,2459.390,2502.920,2288.515,2444.954,6631461300,54608642000.000
20190731,2483.270,2544.959,2290.538,2344.171,5838711700,45679438000.000
20190830,2333.569,2350.623,2115.471,2238.903,6299164600,52778013000.000
20190930,2233.389,2420.525,2233.389,2278.546,6042560600,50478258000.000
20191031,2286.291,2437.698,2271.061,2359.126,6285591900,51105581000.000
20191129,2354.163,2408.428,2280.662,2301.528,6074090600,52879675000.000
20191231,2303.912,2527.444,2289.748,2472.879,7311827400,61849545000.000
20200123,2486.245,2597.974,2409.367,2429.529,5354832700,45335553000.000
20200228,2187.425,2580.631,2036.118,2368.941,8540853700,64252348000.000
20200331,2387.841,2587.441,2244.517,2333.833,9505022300,67453470000.000
20200430,2327.873,2457.437,2237.112,2319.968,5982324200,45969220000.000
20200529,2296.845,2372.648,2260.886,2337.840,3674365200,27683583000.000
20200630,2341.787,2543.583,2338.554,2520.355,6500604800,48762366000.000
20200731,2532.786,3052.179,2522.840,2979.986,14792518000,134878340000.000
20200831,2997.033,3090.753,2873.595,3057.209,9016547100,83135556000.000
20200930,3056.813,3122.028,2724.096,2736.833,8100174900,76501686000.000
20201030,2755.858,2915.828,2699.693,2701.302,5031487100,53509066000.000
20201130,2705.389,2877.033,2695.209,2789.589,6942415300,63506820000.000
20201231,2788.563,2880.228,2562.492,2614.870,7870837700,65075657000.000
20210129,2622.443,2643.352,2375.771,2489.456,7969197900,61479179000.000
20210226,2465.247,2636.275,2380.736,2559.059,6521532700,47283661000.000
20210331,2567.262,2699.286,2512.539,2570.539,8194873200,71370751000.000
20210409,2569.493,2647.249,2561.267,2618.053,1867634300,16866064000.000
