20070831,1006.825,1086.171,940.118,1086.171,8045192900,89857687000.000
20070928,1096.255,1207.575,1058.237,1207.575,7235047400,89651179000.000
20071031,1226.718,1226.718,984.597,1073.455,4232339200,58339853000.000
20071130,1075.883,1075.883,969.188,982.172,2602264600,30023220000.000
20071228,980.280,1215.711,980.280,1211.445,3662076000,44776093000.000
20080131,1214.096,1312.596,1113.253,1113.253,5314936000,71262549000.000
20080229,1113.384,1262.243,1058.000,1262.243,3171665600,41926683000.000
20080331,1258.158,1310.818,972.909,972.909,3926710600,46776785000.000
20080430,968.784,968.784,729.407,884.484,4439048000,40316233000.000
20080530,892.795,953.090,835.746,843.517,4892767900,43474806000.000
20080630,839.865,856.217,634.462,640.615,1733735900,13157898200.000
20080731,641.585,794.399,633.756,743.825,4368384200,31417909000.000
20080829,745.110,756.212,579.150,606.410,1923912600,11526253100.000
20080926,600.905,607.225,537.939,563.275,2083483200,9817800500.000
20081030,560.570,560.570,470.803,481.190,2121809500,8217355900.000
20081128,478.163,615.112,467.820,535.342,4385554700,16749697000.000
20081231,531.828,658.823,531.828,566.269,8227133700,36580402000.000
20090123,573.668,669.727,573.668,665.453,5045735600,23479128000.000
20090227,671.163,867.613,671.163,720.259,12135851500,67144149000.000
20090331,707.654,873.431,707.654,873.431,8923880000,50958923000.000
20090430,875.319,1024.226,868.280,1007.529,10920043600,70714085000.000
20090527,1011.006,1117.882,1011.006,1077.553,8719319900,60980475000.000
20090630,1086.621,1172.528,1086.621,1157.266,9185971700,65246575000.000
20090731,1155.306,1402.272,1155.306,1398.747,14102380000,114456267000.000
20090831,1405.420,1504.656,1231.038,1282.050,12577510600,114389189000.000
20090930,1260.045,1492.977,1252.097,1298.739,10160035300,91514022000.000
20091030,1317.642,1543.137,1317.642,1513.752,8332802900,76645238000.000
20091130,1488.473,1867.964,1488.473,1739.852,14591118000,143666540000.000
20091231,1740.749,1848.659,1625.761,1767.001,8333637700,88139957000.000
20100129,1777.409,1896.050,1651.091,1673.651,7777399000,84491923000.000
20100226,1675.702,1807.611,1623.462,1807.303,3768615600,40677937000.000
20100331,1808.223,1871.470,1752.550,1867.196,7814139400,85378875000.000
20100430,1868.755,1970.160,1646.581,1646.581,9141469800,104903157000.000
20100531,1613.583,1694.165,1345.529,1460.186,5288413000,51850186000.000
20100630,1442.587,1521.272,1329.242,1329.242,4683455800,46462690000.000
20100730,1326.426,1529.743,1294.859,1529.743,6585566100,64100421000.000
20100831,1528.504,1711.847,1528.504,1711.847,8287521000,88377768000.000
20100930,1709.970,1800.468,1690.801,1732.001,8632093800,92269997000.000
20101029,1745.350,1918.987,1745.350,1918.987,9843439700,108409422000.000
20101130,1923.547,2106.215,1844.616,1949.066,12552612500,153052720000.000
20101231,1941.975,2019.906,1819.540,1917.767,6292425900,75115447000.000
20110131,1929.628,1988.570,1739.728,1826.072,4590886000,49259443000.000
20110228,1830.740,2020.188,1819.362,2015.186,4909666500,57899807000.000
20110331,2017.296,2147.865,1978.835,2013.969,9859426300,114435217000.000
20110429,2016.722,2177.041,1943.001,1986.654,8248016000,93204639000.000
20110531,1992.018,2093.761,1791.539,1838.978,8198998300,90826047000.000
20110630,1835.018,1911.815,1742.817,1904.342,5301351500,58792885000.000
20110729,1909.370,2061.214,1898.190,1941.139,7434261100,86014247000.000
20110831,1936.676,1984.509,1708.912,1894.819,6314729400,73465622000.000
20110930,1898.274,1915.088,1648.252,1669.725,4445693700,44644861000.000
20111031,1679.155,1774.820,1553.218,1700.417,3595971400,33786767000.000
20111130,1683.408,1804.797,1583.042,1603.997,5780457000,52863721000.000
20111230,1645.321,1658.919,1250.356,1307.031,3767445300,29838391000.000
20120131,1314.693,1354.985,1169.017,1303.085,2704105700,20237034000.000
20120229,1299.422,1540.234,1287.604,1487.581,6375793700,52013719000.000
20120330,1481.559,1625.913,1368.513,1382.827,8521879700,75702027000.000
20120427,1384.000,1519.440,1378.850,1457.262,7110341900,55550528000.000
20120531,1465.179,1505.728,1376.355,1453.086,7857066900,60937145000.000
20120629,1452.642,1468.921,1311.765,1345.103,5249475500,36779390000.000
20120731,1351.651,1364.820,1166.488,1173.488,5234189200,41947269000.000
20120831,1162.584,1293.722,1161.213,1223.950,6631521500,44185589000.000
20120928,1219.982,1321.018,1165.328,1213.040,5646757600,36350594000.000
20121031,1213.386,1266.298,1190.261,1202.610,5479173000,31320097000.000
20121130,1210.317,1226.102,1042.220,1059.319,5240203100,27487688000.000
20121231,1046.924,1202.308,1011.515,1202.308,8200618200,44591235000.000
20130131,1209.054,1298.906,1187.126,1289.527,9721698400,60962784000.000
20130228,1283.079,1355.775,1280.227,1318.959,6738160000,44822826000.000
20130329,1320.937,1349.932,1245.804,1270.312,8626650200,57216984000.000
20130426,1267.175,1290.076,1201.223,1206.567,4675782500,33492853000.000
20130531,1201.851,1370.874,1200.636,1358.308,9083160800,67151158000.000
20130628,1359.757,1372.603,1064.349,1131.396,6130642500,46739890000.000
20130731,1128.850,1197.804,1101.625,1174.873,6367116900,45538194000.000
20130830,1178.939,1311.854,1177.183,1271.155,8814788600,61361979000.000
20130930,1269.791,1333.994,1256.846,1305.076,8910975600,59775947000.000
20131031,1305.112,1356.697,1226.218,1260.085,8134291500,57356865000.000
20131129,1255.687,1344.553,1230.677,1341.993,7283570900,48716216000.000
20131231,1310.869,1338.284,1246.807,1299.257,6800236900,46027021000.000
20140130,1299.793,1315.706,1212.796,1277.888,4968385300,41324265000.000
20140228,1273.892,1429.807,1270.340,1347.423,7816612800,63023196000.000
20140331,1344.128,1424.861,1327.977,1362.256,11995092000,82107338000.000
20140430,1358.627,1419.366,1270.438,1304.116,9157322100,62988177000.000
20140530,1303.348,1345.523,1279.635,1331.610,6724827600,43906025000.000
20140630,1334.049,1412.674,1322.735,1412.283,8404026800,57833930000.000
20140731,1413.997,1514.977,1407.120,1514.977,11713229100,79835751000.000
20140829,1509.374,1639.146,1498.625,1609.318,10900170600,81411978000.000
20140930,1609.885,1849.087,1609.885,1847.598,12829416300,101004329000.000
20141031,1847.032,1915.775,1761.723,1850.578,10607151400,81131469000.000
20141128,1853.353,1995.232,1792.182,1990.834,11665809100,96905738000.000
20141231,2003.052,2031.087,1813.523,1880.115,15412858000,147448710000.000
20150130,1880.574,2095.150,1850.980,2043.443,10244646700,108142041000.000
20150227,2023.467,2209.002,1995.841,2208.668,6402159600,68534540000.000
20150331,2221.282,2778.452,2214.486,2757.382,19935096000,224970730000.000
20150430,2755.524,3364.575,2755.065,3325.825,23240781000,323451870000.000
20150529,3336.800,4655.456,3101.545,4374.796,24185880000,364930570000.000
20150630,4422.671,5347.634,3426.975,3907.342,30414662000,512596560000.000
20150731,3844.747,4011.562,2293.953,3379.949,27951244000,335932960000.000
20150831,3343.986,4132.303,2629.166,2909.540,23761856000,290497090000.000
20150930,2882.585,2946.128,2430.145,2717.420,17438891000,159397110000.000
20151030,2808.873,3424.750,2784.466,3372.620,20987152000,230024850000.000
20151130,3296.067,4325.590,3279.459,4026.317,27193539000,346028340000.000
20151231,4010.577,4407.730,3827.071,4270.340,18810880000,274046090000.000
20160129,4261.381,4268.330,2850.877,2989.854,11427334400,136904990000.000
20160229,2978.120,3473.112,2905.179,2993.099,9883211600,109323983000.000
20160331,2977.253,3624.757,2943.491,3591.393,18232342000,210200780000.000
20160429,3584.467,3809.837,3496.467,3621.905,15183809000,182834040000.000
20160531,3614.525,3772.681,3184.923,3492.786,12910012700,154449640000.000
20160630,3497.985,3686.143,3359.778,3671.661,15766776000,192673100000.000
20160729,3681.617,3945.643,3640.684,3731.204,16483915000,211992780000.000
20160831,3717.454,3921.750,3631.927,3910.039,13600534000,165274140000.000
20160930,3908.268,4019.860,3851.605,3935.683,10874700500,141629360000.000
20161031,3959.157,4163.545,3951.426,4110.783,9820073600,136008210000.000
20161130,4108.651,4468.135,4106.299,4304.999,16881952000,234602720000.000
20161230,4309.782,4331.367,3993.118,4132.163,14336783000,187107120000.000
20170126,4137.528,4264.265,3710.127,4039.505,9098485600,121534912000.000
20170228,4035.098,4216.793,4000.434,4196.993,10190128000,146145390000.000
20170331,4191.264,4346.450,4070.465,4094.385,15026899000,221552330000.000
20170428,4090.096,4191.555,3578.694,3736.766,8601689800,124164846000.000
20170531,3732.833,3747.917,3208.032,3353.697,7584820400,97518344000.000
20170630,3344.418,3504.899,3191.863,3496.672,8689556300,107603595000.000
20170731,3492.522,3610.463,3257.890,3532.906,12268151900,146662060000.000
20170831,3535.166,3607.962,3410.626,3607.962,11934928700,137577800000.000
20170929,3605.197,3718.075,3591.930,3666.037,11606497400,160015380000.000
20171031,3701.510,3737.339,3551.129,3601.170,6880986200,109842680000.000
20171130,3601.749,3611.679,3269.731,3349.594,9602229900,154053030000.000
20171229,3343.013,3380.700,3189.456,3319.375,8872638100,124268111000.000
20180131,3326.970,3419.706,3198.336,3212.622,9951640100,142280090000.000
20180228,3204.366,3224.926,2781.986,3111.531,5971739300,72459834000.000
20180330,3092.926,3317.895,2947.167,3215.908,9445715300,122811207000.000
20180427,3219.042,3236.704,3007.916,3066.060,6502196500,88190223000.000
20180531,3058.994,3384.917,3012.337,3135.630,10230306500,127293953000.000
20180629,3120.502,3165.053,2656.963,2805.229,7531756100,80693281000.000
20180731,2802.106,2935.222,2611.979,2856.945,9434719600,112960388000.000
20180831,2854.106,2877.793,2661.056,2662.140,8762029400,99420890000.000
20180928,2655.451,2669.363,2532.447,2614.254,5648144100,54973429000.000
20181031,2583.147,2585.732,2210.193,2426.511,7664543500,66970538000.000
20181130,2432.498,2658.666,2424.983,2471.876,13711695000,106998280000.000
20181228,2521.793,2577.601,2356.164,2369.015,10329938500,79905204000.000
20190131,2374.681,2488.508,2281.093,2289.481,12577776700,88616207000.000
20190228,2295.344,2814.583,2295.344,2795.510,16544753000,117331712000.000
20190329,2808.275,3128.386,2787.125,3079.759,28907359000,235222600000.000
20190430,3089.581,3357.350,2922.535,2981.810,25183062000,214842450000.000
20190531,2899.697,2959.164,2736.922,2826.711,17643286000,129336510000.000
20190628,2833.087,2920.643,2679.105,2844.372,11996089900,102020676000.000
20190731,2896.761,2945.446,2754.734,2844.737,13290309900,103070665000.000
20190830,2832.149,2852.939,2612.060,2732.432,10451498200,92778999000.000
20190930,2735.208,2989.382,2733.423,2801.892,12392231100,109224898000.000
20191031,2801.446,2958.816,2794.016,2813.654,10059164700,80759482000.000
20191129,2808.657,2840.215,2703.768,2770.926,11387137300,89134521000.000
20191231,2773.137,3007.897,2746.341,2976.461,16705915000,127893018000.000
20200123,2991.097,3149.546,2983.646,3014.054,14769473000,123926233000.000
20200228,2754.645,3368.623,2635.947,3184.991,28199351000,234793680000.000
20200331,3228.056,3606.876,2970.706,3038.458,31257493000,304827600000.000
20200430,3031.268,3350.290,3016.951,3174.271,22892211000,214473690000.000
20200529,3144.348,3294.029,3131.229,3194.461,13794655000,141018480000.000
20200630,3214.600,3379.054,3209.262,3361.998,15746676000,156636300000.000
20200731,3374.895,3876.243,3334.951,3752.490,30450173000,306916840000.000
20200831,3783.717,4005.510,3703.611,3940.469,29377901000,287975630000.000
20200930,3934.436,4054.732,3706.847,3731.885,22953899000,214943400000.000
20201030,3780.294,4047.920,3780.294,3847.348,15979803000,167005980000.000
20201130,3851.927,4219.685,3830.855,4061.132,28074826000,312459580000.000
20201231,4056.053,4152.624,3671.633,3773.452,22979088000,266284990000.000
20210129,3786.770,4025.933,3660.059,3770.103,29363235000,385492970000.000
20210226,3753.155,4195.236,3627.216,3980.727,21732930000,335160110000.000
20210331,4012.922,4176.804,3870.998,3920.933,24987491000,315905560000.000
20210409,3921.704,4053.966,3909.296,4008.068,4803235500,56286384000.000
