20070831,1001.228,1104.831,941.494,1104.831,1785798900,31913063000.000
20070928,1112.963,1211.523,1112.963,1195.971,1737859000,33842649000.000
20071031,1212.544,1243.832,1026.975,1110.452,1253548340,26556692000.000
20071130,1112.784,1112.784,1008.671,1029.659,1335672280,21922982000.000
20071228,1025.459,1291.919,1025.459,1281.261,963388420,20510319000.000
20080131,1285.942,1339.649,1150.011,1150.011,1097312920,25135786000.000
20080229,1150.311,1338.996,1093.042,1338.996,776908940,16857988000.000
20080331,1332.566,1379.117,1005.422,1016.943,975863650,19680962000.000
20080430,1005.859,1005.859,784.047,961.576,1164761220,19301736000.000
20080530,967.101,1079.203,910.917,944.270,1581846500,25885049000.000
20080630,941.313,957.061,731.012,746.508,785224700,9807204200.000
20080731,746.040,899.852,739.800,841.553,1600672500,19422657000.000
20080829,832.196,850.216,670.758,692.266,721145330,7585271200.000
20080926,685.020,685.020,563.853,608.608,689326910,5616800200.000
20081030,608.915,608.915,513.370,540.371,919585590,6362094300.000
20081128,537.242,715.291,533.861,631.490,1657185100,10780136000.000
20081231,628.175,779.354,628.175,670.250,2894687600,20777965000.000
20090123,682.932,814.747,682.932,805.169,1866409800,15234540000.000
20090227,808.458,1001.826,808.458,834.511,4076301000,38412372000.000
20090331,824.373,1050.017,824.373,1050.017,3713250200,36179815000.000
20090430,1053.698,1148.441,1010.294,1071.892,3862950100,41543759000.000
20090527,1076.656,1167.679,1076.656,1151.344,2583015700,26329264000.000
20090630,1158.778,1225.984,1142.944,1205.950,2970040400,32497611000.000
20090731,1200.435,1406.518,1200.435,1406.518,4476022800,53016161000.000
20090831,1414.290,1523.476,1218.860,1220.113,3814037200,49629584000.000
20090930,1201.058,1438.141,1201.058,1257.616,2407170800,28556450000.000
20091030,1280.598,1427.784,1280.598,1387.286,1612202900,20162214000.000
20091130,1357.639,1663.701,1357.639,1602.632,3340653500,44919759000.000
20091231,1600.814,1693.951,1493.915,1624.501,2579246000,36715908000.000
20100129,1629.413,1728.979,1476.626,1493.919,2305563500,35579333000.000
20100226,1483.906,1620.510,1459.080,1618.909,1193546540,19095350000.000
20100331,1618.439,1732.942,1609.963,1732.942,2154444400,35818304000.000
20100430,1742.820,1859.565,1598.108,1598.108,3153368300,50104182000.000
20100531,1567.065,1664.215,1339.242,1463.850,2124727500,35078518000.000
20100630,1441.845,1537.094,1332.727,1332.727,1484614200,25599765000.000
20100730,1330.651,1535.201,1278.215,1535.201,2286727000,33968375000.000
20100831,1533.004,1746.604,1530.859,1746.604,2865207600,45135351000.000
20100930,1744.694,1825.934,1690.686,1729.697,2588363800,41116054000.000
20101029,1748.660,1942.950,1707.237,1942.950,2772468100,46230660000.000
20101130,1952.681,2088.525,1843.293,1935.162,3741166100,66068451000.000
20101231,1922.561,1992.758,1776.230,1875.473,2285607100,43054814000.000
20110131,1886.439,1937.521,1621.739,1728.260,1727349500,34438115000.000
20110228,1728.445,1968.281,1683.978,1968.281,2244679700,42813306000.000
20110331,1972.872,2155.519,1917.226,2017.176,4125783500,79275911000.000
20110429,2013.410,2171.539,1857.307,1919.043,3262787100,57632649000.000
20110531,1918.543,1999.127,1704.091,1758.621,2704732400,42655694000.000
20110630,1757.095,1897.096,1700.580,1863.810,2360916600,34330562000.000
20110729,1870.099,2031.731,1847.120,1896.199,3609372300,57184090000.000
20110831,1890.810,1933.600,1664.394,1787.069,2723319700,41299482000.000
20110930,1788.586,1809.687,1557.735,1583.459,2103962400,30006366000.000
20111031,1587.764,1690.096,1492.539,1667.326,2355003100,31485993000.000
20111130,1648.647,1778.176,1517.095,1541.630,3013177000,40929275000.000
20111230,1586.078,1598.237,1175.198,1236.009,1865322500,23528380000.000
20120131,1250.436,1274.343,1111.174,1207.775,1506400200,16833974000.000
20120229,1206.174,1452.820,1203.546,1383.480,3425373000,39242063000.000
20120330,1377.178,1506.376,1227.783,1239.073,3394050900,40774061000.000
20120427,1239.032,1359.281,1235.605,1299.353,2243989600,23811545000.000
20120531,1310.259,1360.712,1248.836,1332.892,3397822400,35833176000.000
20120629,1329.915,1338.482,1189.498,1223.647,1963385000,19911003000.000
20120731,1232.572,1246.169,1060.232,1062.302,1595470300,16216755000.000
20120831,1062.726,1150.674,1058.583,1086.542,2121863400,18135185000.000
20120928,1082.367,1181.034,1036.006,1093.615,2817947300,26107695000.000
20121031,1093.002,1144.820,1074.836,1085.034,2604871800,25500063000.000
20121130,1086.119,1108.603,940.818,957.706,1976211200,18842730000.000
20121231,954.832,1153.809,911.667,1146.534,3413056200,32833148000.000
20130131,1153.482,1238.794,1136.100,1191.692,4102337300,43991751000.000
20130228,1190.500,1248.437,1181.229,1230.647,2693223200,29240028000.000
20130329,1233.723,1263.765,1137.577,1150.760,3591449200,38635559000.000
20130426,1148.034,1171.873,1081.417,1082.032,1829288500,20662418000.000
20130531,1073.848,1244.025,1071.018,1233.323,3490897500,38782847000.000
20130628,1234.322,1235.979,959.995,1016.704,2180200400,24099869000.000
20130731,1016.304,1103.142,999.920,1062.998,3208412300,33688620000.000
20130830,1063.202,1183.956,1061.122,1143.920,3429363400,35289960000.000
20130930,1144.640,1199.652,1136.301,1176.388,2610640100,27207345000.000
20131031,1174.941,1243.043,1117.919,1168.607,2927334600,32292971000.000
20131129,1156.662,1276.648,1147.066,1272.968,4255744400,44777396000.000
20131231,1230.559,1230.559,1136.463,1185.787,3634021900,39973055000.000
20140130,1185.577,1202.849,1103.748,1150.308,1083632640,11957758500.000
20140228,1141.824,1260.050,1138.737,1171.240,1767879500,20244916000.000
20140331,1168.507,1218.694,1102.816,1136.560,1770753100,16432026000.000
20140430,1128.604,1191.101,1065.225,1095.202,1708863900,14221981000.000
20140530,1098.633,1151.155,1092.938,1128.375,1735490800,12987733400.000
20140630,1128.375,1159.858,1105.203,1155.958,1824300300,15076030000.000
20140731,1159.117,1293.515,1154.724,1293.435,3517917000,29520387000.000
20140829,1286.725,1352.566,1267.808,1317.838,3461937600,30217808000.000
20140930,1320.061,1473.455,1320.061,1471.536,3485447200,31893215000.000
20141031,1473.651,1523.844,1383.834,1488.128,3001039600,31384440000.000
20141128,1486.639,1519.969,1417.726,1496.193,2978369600,30931179000.000
20141231,1492.003,1543.004,1415.707,1467.982,4360114300,52061754000.000
20150130,1468.094,1646.500,1413.210,1617.288,2991957000,40067115000.000
20150227,1614.302,1748.591,1602.110,1743.528,1685634000,22028903000.000
20150331,1766.426,2239.013,1765.612,2215.429,5064536400,74597250000.000
20150430,2211.551,2641.116,2211.551,2581.559,6174661900,98055910000.000
20150529,2586.722,3581.168,2444.155,3349.920,6183824500,97612761000.000
20150630,3381.265,4292.104,3087.457,3545.001,6291653200,118017314000.000
20150731,3470.809,3590.073,2021.959,2834.477,6935233500,91587134000.000
20150831,2782.444,3465.108,2160.685,2471.888,6770996700,91557345000.000
20150930,2417.506,2417.506,1965.687,2118.227,4290153300,46760674000.000
20151030,2203.944,2650.594,2174.713,2593.026,4906076300,59424207000.000
20151130,2533.233,3191.309,2514.930,2936.051,5489048300,77764580000.000
20151231,2929.591,3381.883,2813.106,3287.737,5044196900,78202793000.000
20160129,3271.079,3272.175,2089.195,2226.471,2823899500,36177077000.000
20160229,2221.573,2547.503,2144.834,2249.953,1882063700,23957084000.000
20160331,2232.436,2661.557,2210.418,2632.876,3085616700,42587128000.000
20160429,2625.197,2903.019,2591.502,2781.104,2297986800,35045659000.000
20160531,2778.555,2908.120,2580.972,2788.972,2249942400,35694997000.000
20160630,2786.856,2972.695,2646.989,2951.296,3265257900,53498753000.000
20160729,2944.164,3167.785,2917.697,2971.394,3162994900,51420975000.000
20160831,2932.271,3199.116,2865.567,3198.481,2874047400,43282790000.000
20160930,3194.597,3346.253,3118.711,3324.078,4263144000,52690803000.000
20161031,3366.626,3665.858,3353.995,3513.717,3443231200,47504119000.000
20161130,3514.303,3797.179,3446.951,3731.226,5239290600,70618334000.000
20161230,3753.039,3794.120,3434.093,3689.733,4418158000,57619354000.000
20170126,3702.221,3938.578,3448.345,3621.858,3705250900,49209496000.000
20170228,3626.385,3880.993,3616.652,3836.485,3350041200,48857331000.000
20170331,3860.527,3898.937,3714.476,3739.547,3829564800,61229112000.000
20170428,3750.499,3932.399,3529.231,3647.181,4019659400,73407991000.000
20170531,3645.217,3707.334,3216.599,3305.403,3032476900,48011521000.000
20170630,3294.999,3595.571,3177.557,3578.340,3915263100,61923524000.000
20170731,3585.834,4013.447,3449.441,4013.447,5442474800,105321819000.000
20170831,4062.220,4225.208,3847.289,4223.599,6794055500,138598210000.000
20170929,4223.138,4465.808,4096.934,4205.289,4384029100,103345310000.000
20171031,4251.567,4272.485,4035.569,4111.988,3353050700,73632155000.000
20171130,4109.618,4230.594,3893.961,3991.189,3995497500,88334234000.000
20171229,3986.796,4133.203,3901.642,4133.203,2476587200,38204678000.000
20180131,4140.104,4273.245,3926.604,3948.352,3076836500,51687575000.000
20180228,3953.664,3965.420,3437.435,3825.255,1705496200,25135620000.000
20180330,3809.732,4084.741,3642.467,3900.803,2826582600,41868680000.000
20180427,3902.506,3953.910,3553.010,3685.238,1472230500,22341357000.000
20180531,3698.550,3926.559,3557.618,3623.694,1743475900,27828738000.000
20180629,3608.127,3781.760,3207.940,3324.575,2682148000,79037334000.000
20180731,3320.912,3607.191,3125.388,3497.503,2827592000,68947369000.000
20180831,3504.441,3544.894,3130.771,3236.881,1971705200,43886106000.000
20180928,3250.357,3345.728,3134.753,3221.603,1570138900,41127103000.000
20181031,3155.951,3158.605,2611.321,2864.122,1923716300,39552583000.000
20181130,2857.030,3125.033,2857.030,2939.114,2759694400,42755082000.000
20181228,3001.171,3054.501,2766.255,2791.192,2023528000,32500087000.000
20190131,2790.060,2940.321,2703.819,2797.388,1966831700,32310844000.000
20190228,2807.523,3454.910,2807.523,3383.504,2632080600,45299419000.000
20190329,3398.644,3686.072,3381.868,3655.062,4657413800,83498591000.000
20190430,3687.604,4148.597,3499.879,3570.982,4827563600,96691716000.000
20190531,3448.419,3542.846,3282.159,3446.579,2293454000,44625360000.000
20190628,3449.387,3521.032,3251.786,3461.869,1587484200,28611487000.000
20190731,3513.249,3698.007,3433.462,3680.392,2103464300,34861526000.000
20190830,3682.038,3838.935,3460.397,3714.096,3615299700,68536891000.000
20190930,3720.105,4094.822,3706.005,3795.982,3484053000,71546252000.000
20191031,3807.763,3973.008,3687.029,3689.698,2121832300,36815814000.000
20191129,3700.810,3872.127,3666.296,3701.340,3096292500,56892661000.000
20191231,3704.038,4154.064,3685.322,4138.580,3218516700,56091042000.000
20200123,4161.383,4428.618,4029.346,4064.787,2879038100,48744787000.000
20200228,3683.508,4374.607,3529.583,3995.862,5440590500,85162255000.000
20200331,4071.841,4477.370,3623.917,3675.705,5883566700,87878463000.000
20200430,3660.093,3960.313,3601.423,3848.689,4336563300,53806639000.000
20200529,3805.591,4048.703,3792.090,3900.623,3034936100,41704610000.000
20200630,3913.125,4285.302,3913.125,4256.800,3527252600,51706118000.000
20200731,4274.872,5450.317,4264.086,5445.574,7662160600,130213802000.000
20200831,5476.240,5787.019,5345.183,5706.703,6868990800,113497260000.000
20200930,5703.963,5854.672,5341.420,5389.354,6293616700,109123116000.000
20201030,5500.465,5868.419,5442.787,5447.779,3623371000,72739420000.000
20201130,5444.786,6214.271,5407.987,5903.987,5875609100,119766758000.000
20201231,5891.988,6008.431,5568.333,5750.074,4060679500,90414906000.000
20210129,5753.320,6182.368,5558.972,6014.520,5302448300,138377480000.000
20210226,5979.587,6913.641,5855.705,6410.218,4967462000,133822053000.000
20210331,6439.266,6695.065,6049.410,6238.834,6908995900,184010200000.000
20210409,6268.061,6481.865,6192.702,6355.412,1404585900,33399485000.000
