20070831,1004.548,1104.184,945.532,1104.184,8924209800,138052720000.000
20070928,1111.482,1154.740,1070.671,1154.740,6711244000,110654658000.000
20071031,1176.173,1180.259,989.989,1073.358,4968902700,82954216000.000
20071130,1074.734,1074.734,982.617,1016.370,3276980400,50081688000.000
20071228,1012.157,1308.245,1012.157,1308.245,4315682200,72326502000.000
20080131,1308.458,1420.462,1227.120,1235.954,6232561800,128260110000.000
20080229,1227.840,1445.918,1184.236,1428.250,3792620800,77648404000.000
20080331,1423.356,1504.032,1130.427,1153.275,4869151000,92558038000.000
20080430,1138.987,1138.987,911.734,1107.098,5011330700,85837572000.000
20080530,1119.696,1245.481,1085.214,1119.743,6049031800,98372120000.000
20080630,1115.308,1129.337,867.436,888.150,2654444200,35848431000.000
20080731,893.039,1092.175,888.311,1008.988,7278625700,93553023000.000
20080829,1001.779,1023.915,767.070,796.120,3193300300,34204777000.000
20080926,786.749,786.749,652.516,694.150,3050900800,26270863000.000
20081030,687.450,687.450,576.570,617.487,3908031600,28084000000.000
20081128,613.807,791.058,606.571,683.571,6552679800,46421372000.000
20081231,681.011,855.682,681.011,746.143,10393272200,85119294000.000
20090123,754.363,912.020,754.363,901.044,7118515200,69787701000.000
20090227,913.531,1120.558,913.531,939.960,14644989000,161919930000.000
20090331,926.980,1135.400,926.980,1135.400,11470823000,133551886000.000
20090430,1141.616,1261.370,1121.663,1181.617,12507975900,147542350000.000
20090527,1186.604,1257.633,1174.906,1210.855,9455356100,107489646000.000
20090630,1217.196,1261.197,1206.062,1247.740,9676249500,110696618000.000
20090731,1245.354,1483.878,1245.354,1440.391,15775974000,188290550000.000
20090831,1443.952,1538.176,1224.563,1238.502,10693641700,135289260000.000
20090930,1220.073,1432.151,1219.970,1255.224,9568551700,114981472000.000
20091030,1275.659,1430.404,1275.659,1395.668,6579281100,81588243000.000
20091130,1369.383,1683.122,1369.383,1659.156,13499264000,169606140000.000
20091231,1664.675,1744.110,1553.136,1692.964,10086655100,137619470000.000
20100129,1700.194,1832.880,1627.876,1658.400,8972615600,128976634000.000
20100226,1653.356,1743.481,1598.011,1743.481,4467023300,57758465000.000
20100331,1744.575,1820.006,1697.247,1820.006,9395323100,134057515000.000
20100430,1822.103,1891.061,1611.053,1611.053,10535413800,153459470000.000
20100531,1581.840,1651.981,1332.548,1464.688,7202986100,93880453000.000
20100630,1446.878,1510.563,1291.509,1291.509,5493280400,70969554000.000
20100730,1286.879,1499.695,1264.806,1499.695,8668086700,103176755000.000
20100831,1500.581,1713.167,1494.857,1713.167,11602479700,149441220000.000
20100930,1714.702,1823.839,1679.105,1706.424,11232557300,160940190000.000
20101029,1719.061,1860.490,1684.900,1854.806,12198689200,175039730000.000
20101130,1858.671,1996.919,1778.040,1877.503,16562135000,249225800000.000
20101231,1872.322,1936.725,1747.575,1834.228,9472075100,147633490000.000
20110131,1840.024,1880.259,1567.293,1672.105,5313206200,78351181000.000
20110228,1673.703,1891.949,1660.908,1891.949,6860010500,103260521000.000
20110331,1893.622,1975.807,1848.669,1875.373,12636128100,191764110000.000
20110429,1874.612,2027.128,1753.792,1803.545,12365608100,184812860000.000
20110531,1804.222,1860.393,1600.981,1642.257,8770248100,139443780000.000
20110630,1643.163,1737.110,1578.732,1732.101,7348272400,114521156000.000
20110729,1736.024,1888.413,1731.792,1798.322,10404661800,171342210000.000
20110831,1793.547,1851.420,1576.008,1800.146,10889775400,178449050000.000
20110930,1802.280,1827.007,1557.005,1577.358,11218395200,166936740000.000
20111031,1583.565,1734.290,1490.167,1651.107,6950717100,97647633000.000
20111130,1637.546,1765.835,1563.544,1583.065,9733162400,142335350000.000
20111230,1628.805,1645.148,1219.171,1273.724,5748447800,74783929000.000
20120131,1285.628,1332.932,1158.974,1282.540,5268769700,62558534000.000
20120229,1278.766,1513.020,1270.360,1457.293,10525259700,129746956000.000
20120330,1450.740,1578.061,1339.654,1352.062,12811546200,168836220000.000
20120427,1351.032,1466.404,1345.316,1411.816,7838519600,86549898000.000
20120531,1422.836,1471.242,1351.916,1421.141,8872805600,100001873000.000
20120629,1420.591,1427.368,1295.008,1326.255,6320005300,70990544000.000
20120731,1333.333,1361.199,1214.862,1216.146,9290595700,102854960000.000
20120831,1209.165,1332.206,1209.005,1262.613,8889683700,94969721000.000
20120928,1262.946,1352.687,1197.149,1251.659,8896178700,94196062000.000
20121031,1250.385,1295.591,1201.976,1224.924,7376914100,72397320000.000
20121130,1223.524,1248.485,1035.684,1053.913,5674792400,50972366000.000
20121231,1047.346,1222.293,997.801,1220.483,10048990500,90557432000.000
20130131,1227.507,1340.327,1205.185,1327.972,13578300000,137995080000.000
20130228,1334.611,1392.518,1317.670,1370.711,8843949500,97018746000.000
20130329,1368.654,1428.150,1297.111,1330.994,12468238300,142595230000.000
20130426,1326.929,1352.860,1252.084,1258.876,8325945200,94275114000.000
20130531,1255.235,1429.803,1250.356,1414.820,13163413000,153215270000.000
20130628,1412.856,1417.647,1056.742,1127.194,7976060100,82225350000.000
20130731,1124.685,1240.324,1118.104,1203.883,11327772500,114634248000.000
20130830,1204.021,1358.239,1203.794,1308.860,12617656200,132556167000.000
20130930,1305.983,1376.870,1298.473,1358.232,12035954700,125472874000.000
20131031,1356.410,1415.913,1261.852,1301.379,11792808100,125105370000.000
20131129,1296.839,1411.952,1265.371,1410.285,12353438300,124399877000.000
20131231,1369.663,1424.495,1321.266,1369.040,13550219000,144047570000.000
20140130,1369.015,1385.572,1276.672,1358.292,10771038500,117098707000.000
20140228,1351.214,1492.200,1346.073,1400.981,13749124000,151522860000.000
20140331,1399.192,1454.986,1365.172,1374.100,14688465000,160416950000.000
20140430,1370.198,1444.184,1292.393,1330.060,12072983700,127843933000.000
20140530,1325.600,1360.217,1300.054,1328.298,9849642800,94843763000.000
20140630,1330.681,1407.275,1305.044,1407.275,9741247300,99835933000.000
20140731,1405.170,1519.670,1399.452,1519.670,17137482000,169077310000.000
20140829,1514.943,1633.633,1495.518,1602.750,18793705000,196999990000.000
20140930,1606.059,1837.452,1605.808,1837.052,24839518000,272785530000.000
20141031,1838.751,1936.688,1816.821,1923.132,18105768000,211980970000.000
20141128,1926.104,2037.319,1879.202,2030.819,18948249000,229574370000.000
20141231,2030.405,2064.384,1812.650,1839.692,27827487000,346338000000.000
20150130,1846.335,2079.897,1823.981,2028.208,22631965000,298386540000.000
20150227,2012.019,2170.597,1970.070,2170.083,14855680000,197698280000.000
20150331,2184.835,2736.901,2177.678,2707.593,37577014000,552578640000.000
20150430,2710.870,3305.653,2710.870,3269.141,43117265000,734757810000.000
20150529,3276.891,4811.171,3091.884,4543.254,44615826000,859512090000.000
20150630,4608.373,5603.459,3472.997,3989.547,51631027000,1080111210000.000
20150731,3934.162,4202.645,2405.064,3556.967,54164116000,770359520000.000
20150831,3492.029,4181.225,2663.678,2928.545,45212125000,649582360000.000
20150930,2880.236,2958.417,2460.503,2786.173,31877360000,366626530000.000
20151030,2888.369,3567.525,2862.135,3507.991,38522555000,530005900000.000
20151130,3403.705,4293.828,3381.995,4025.253,50113671000,813069520000.000
20151231,4021.576,4576.658,3834.838,4424.529,41396319000,729956020000.000
20160129,4417.201,4417.201,2800.931,2948.403,25005333000,378741620000.000
20160229,2944.831,3453.075,2863.578,2941.637,20378316000,286224700000.000
20160331,2939.407,3650.403,2891.909,3618.608,34762732000,519263870000.000
20160429,3598.218,3886.247,3531.231,3637.923,30774911000,527157080000.000
20160531,3636.191,3822.645,3276.246,3612.370,27001595000,481349870000.000
20160630,3616.284,3979.997,3508.743,3958.168,33743116000,585913200000.000
20160729,3962.219,4154.754,3848.959,3903.038,32261193000,533853490000.000
20160831,3883.929,4159.723,3783.877,4134.468,28648568000,476853800000.000
20160930,4129.841,4233.146,3983.835,4115.146,25718176000,413450770000.000
20161031,4142.240,4415.449,4140.074,4322.891,25005529000,381836050000.000
20161130,4325.424,4628.209,4325.424,4459.119,35539440000,550526980000.000
20161230,4465.961,4486.956,4084.188,4267.944,26708496000,378816540000.000
20170126,4276.229,4413.334,3817.318,4071.348,20006881000,284356120000.000
20170228,4074.174,4283.986,4044.617,4266.098,22755471000,327508990000.000
20170331,4271.624,4425.069,4194.581,4223.084,31381705000,528277560000.000
20170428,4227.997,4337.146,3712.694,3869.354,21212577000,313906660000.000
20170531,3859.804,3893.347,3427.793,3537.487,19980024000,272192140000.000
20170630,3522.825,3750.486,3360.518,3706.927,23715383000,315507350000.000
20170731,3704.740,3830.851,3423.871,3715.010,33455994000,446134260000.000
20170831,3716.214,3824.638,3571.160,3824.576,34248805000,452716740000.000
20170929,3830.782,4016.166,3822.342,3915.470,34664700000,535432070000.000
20171031,3956.743,4005.824,3791.228,3844.907,19006325000,290488500000.000
20171130,3841.637,3903.203,3488.892,3546.854,24385054000,404290750000.000
20171229,3538.748,3572.391,3343.502,3490.022,22892453000,333923430000.000
20180131,3495.025,3634.445,3439.448,3450.560,29121347000,453781040000.000
20180228,3437.199,3454.545,2933.666,3251.138,18939434000,273716570000.000
20180330,3227.045,3471.751,3100.859,3420.887,30176495000,443343440000.000
20180427,3434.772,3484.648,3226.508,3297.794,19614650000,308955150000.000
20180531,3292.642,3602.709,3232.946,3332.204,27419868000,424142340000.000
20180629,3316.943,3388.772,2811.106,3011.870,20176949000,291434070000.000
20180731,3009.254,3111.096,2804.221,3038.213,26730760000,331098780000.000
20180831,3039.962,3056.308,2716.980,2759.546,23390900000,249904440000.000
20180928,2754.265,2790.402,2616.014,2753.575,15863619000,168749800000.000
20181031,2709.843,2725.636,2279.721,2493.917,18127208000,185911540000.000
20181130,2502.651,2780.545,2499.549,2628.992,26576050000,265003560000.000
20181228,2685.440,2736.896,2500.342,2513.788,18184869000,182170200000.000
20190131,2517.467,2659.533,2437.740,2458.294,22580014000,210694970000.000
20190228,2466.810,2984.740,2466.810,2941.712,27842102000,276682110000.000
20190329,2950.883,3289.953,2917.595,3248.420,52192107000,588353520000.000
20190430,3268.083,3671.173,3118.502,3163.516,63084604000,828311190000.000
20190531,3056.121,3134.839,2888.292,2994.561,35820279000,393273730000.000
20190628,2994.391,3022.744,2805.854,2942.743,27807368000,285477500000.000
20190731,2991.925,3099.564,2910.822,2979.281,38464323000,408186910000.000
20190830,2966.205,2999.886,2742.239,2912.149,28714223000,316612410000.000
20190930,2909.831,3181.212,2909.831,3006.065,33452583000,377297580000.000
20191031,3010.657,3132.503,2969.723,2970.071,20583524000,227913080000.000
20191129,2962.483,3021.784,2870.049,2901.464,21056972000,235714320000.000
20191231,2905.002,3195.767,2883.849,3195.767,30911415000,358242630000.000
20200123,3213.107,3362.084,3142.498,3169.380,31258329000,374627020000.000
20200228,2868.676,3471.957,2703.599,3175.374,60333206000,717655260000.000
20200331,3202.276,3476.001,2997.522,3100.768,57430978000,649478370000.000
20200430,3089.208,3291.854,3023.428,3164.361,42716066000,460878230000.000
20200529,3135.354,3327.964,3130.335,3283.657,29875320000,411261970000.000
20200630,3300.308,3528.919,3300.308,3521.241,36238885000,509085810000.000
20200731,3527.000,4086.015,3487.449,4081.816,66271142000,897807010000.000
20200831,4116.580,4294.953,4029.714,4235.460,56236035000,756477870000.000
20200930,4231.465,4300.406,3885.884,3910.110,41098205000,602258590000.000
20201030,3970.687,4202.580,3970.687,3986.907,29683369000,495177390000.000
20201130,3985.524,4402.568,3966.134,4228.969,50457555000,787823710000.000
20201231,4227.760,4290.581,3886.135,3987.365,46683643000,702041110000.000
20210129,3999.431,4090.076,3727.663,3870.899,48059973000,794009820000.000
20210226,3854.068,4315.767,3735.174,4098.830,41576942000,606229430000.000
20210331,4120.623,4272.015,3985.854,4140.059,50332575000,708634660000.000
20210409,4159.480,4256.004,4144.767,4228.588,11022839500,149696460000.000
