20070831,999.865,1108.400,916.775,1081.790,401602140,5285904200.000
20070928,1087.755,1197.851,1051.055,1165.070,326100460,4724672200.000
20071031,1191.392,1191.392,896.511,961.848,229658220,3162682600.000
20071130,963.177,963.177,865.252,890.968,161599440,1900921400.000
20071228,884.105,1090.414,884.105,1085.902,264762130,3533312000.000
20080131,1100.066,1196.892,1038.218,1039.504,392974210,5807963900.000
20080229,1035.848,1179.046,989.142,1123.398,175721820,2542085400.000
20080331,1117.603,1201.191,888.430,888.430,283314690,3884246600.000
20080430,878.011,878.011,681.507,846.101,276454990,3095413900.000
20080530,849.939,940.934,801.514,843.582,362207840,4366804100.000
20080630,840.921,840.921,626.146,653.676,228796710,2347654100.000
20080731,651.677,785.310,643.093,727.502,351314520,3200617100.000
20080829,722.309,737.918,556.583,579.619,153172960,1186240460.000
20080926,572.278,572.278,493.005,551.136,189448400,1091026450.000
20081031,539.319,554.805,472.214,492.416,296062590,1870133400.000
20081128,483.762,604.489,465.528,596.749,595944580,3775392300.000
20081231,595.951,741.777,595.951,670.716,856947420,6381095900.000
20090123,678.980,811.273,678.980,791.333,452711600,3834649800.000
20090227,792.160,940.597,792.160,805.043,807500030,7298373700.000
20090331,792.265,969.579,792.265,957.311,701369890,6501468000.000
20090430,958.794,1118.357,955.379,1111.723,938182350,10289701700.000
20090527,1112.760,1205.371,1111.699,1147.320,568287480,6231859700.000
20090630,1156.769,1236.910,1156.769,1201.196,532022200,5858419800.000
20090731,1199.892,1336.142,1182.807,1262.449,886641660,10692649500.000
20090831,1261.270,1320.816,1090.740,1171.593,607558280,6876073700.000
20090930,1153.419,1345.103,1145.486,1204.375,622913130,7279220100.000
20091030,1227.236,1365.612,1227.236,1350.271,380006200,4748149000.000
20091130,1296.447,1561.066,1296.447,1499.812,1057406260,20475695000.000
20091231,1494.227,1583.880,1350.707,1439.814,597789500,12146415600.000
20100129,1443.839,1556.586,1385.091,1423.047,669317760,11129672100.000
20100226,1391.516,1579.385,1391.516,1579.385,393934790,6886641000.000
20100331,1582.569,1727.893,1546.076,1727.893,577969310,12457651100.000
20100430,1732.926,1960.081,1732.926,1753.998,766785500,18915101000.000
20100531,1727.329,1901.844,1555.162,1814.843,525595300,12141117100.000
20100630,1796.596,1985.202,1579.702,1610.234,657433720,17196504000.000
20100730,1606.909,1817.473,1503.812,1804.046,625670420,13649553000.000
20100831,1811.341,2029.494,1793.627,2029.494,823188210,18174531000.000
20100930,2026.756,2093.121,1986.940,2013.177,564511950,13569870000.000
20101029,2031.062,2197.107,1965.118,2195.570,564595650,13925451000.000
20101130,2210.463,2611.263,2181.971,2525.302,954268440,23809406000.000
20101231,2504.719,2673.809,2348.090,2488.349,505942160,13129126800.000
20110131,2502.663,2555.522,2090.776,2212.083,297407100,7234012000.000
20110228,2213.137,2422.487,2182.475,2381.356,311027130,9591595300.000
20110331,2384.640,2439.513,2222.537,2227.753,499421090,14450926000.000
20110429,2232.210,2344.457,2109.986,2137.555,377239070,9590378100.000
20110531,2137.971,2227.390,1947.478,1990.114,300886630,8133725000.000
20110630,1990.079,2050.713,1858.446,2037.179,278882730,5616039900.000
20110729,2041.167,2267.715,2037.094,2208.104,676405810,15536181000.000
20110831,2205.746,2475.205,2110.151,2379.605,802589340,23014774000.000
20110930,2374.577,2389.292,1956.853,1973.733,374584040,10815699100.000
20111031,1985.542,2092.285,1806.843,2059.556,417868760,10103423200.000
20111130,2038.642,2301.024,2032.956,2162.915,1173885600,26978621000.000
20111230,2221.046,2255.917,1724.189,1814.937,619614540,12766822400.000
20120131,1829.676,1830.880,1521.307,1597.862,399108990,7155169800.000
20120229,1594.688,1879.025,1582.553,1783.080,798499360,14783336000.000
20120330,1775.954,1959.030,1638.577,1651.534,869826620,18127013000.000
20120427,1659.211,1797.084,1643.779,1697.296,503324400,10823584000.000
20120531,1708.641,1844.396,1685.699,1755.008,895806690,17734866000.000
20120629,1751.168,1927.882,1704.313,1862.845,760508060,16405985000.000
20120731,1871.183,1932.229,1681.921,1694.416,845062590,17926721000.000
20120831,1692.439,1901.646,1692.439,1797.844,765402580,15415741000.000
20120928,1794.671,1896.714,1624.973,1683.934,634935240,12502498300.000
20121031,1680.325,1799.286,1677.549,1719.317,612759020,10055903100.000
20121130,1726.050,1751.822,1430.534,1451.306,552825180,8963475000.000
20121231,1450.338,1702.743,1393.395,1683.380,925907720,14659715000.000
20130131,1692.598,1868.233,1663.638,1827.035,1218327010,23724326000.000
20130228,1831.907,1996.948,1783.723,1948.237,915957830,17910499000.000
20130329,1948.237,2089.098,1860.085,1926.561,1072704470,22324587000.000
20130426,1924.514,2018.361,1799.299,1937.410,721990970,16819178000.000
20130531,1926.038,2454.908,1913.066,2430.512,1873673400,39975644000.000
20130628,2421.970,2427.933,1899.371,2070.439,1382420200,24377678000.000
20130731,2067.086,2534.280,2061.122,2327.439,2015735200,36562231000.000
20130830,2322.435,2600.356,2321.154,2463.889,1940257400,33767605000.000
20130930,2452.729,2997.327,2447.419,2996.909,1763000200,33761870000.000
20131031,2998.407,3183.327,2664.473,2763.817,1582176600,33580703000.000
20131129,2743.161,3018.516,2621.695,3012.699,1399427100,30399793000.000
20131231,2883.414,2907.516,2671.548,2884.798,1360810700,29297477000.000
20140130,2881.592,3319.591,2872.161,3278.041,1472290600,33241947000.000
20140228,3251.816,4037.817,3237.324,3616.919,1460508200,40614384000.000
20140331,3599.860,3974.693,3496.351,3540.603,1209298090,34092962000.000
20140430,3531.902,3802.447,3198.368,3286.051,1129114810,27988183000.000
20140530,3275.669,3560.555,3058.764,3432.406,1204371780,28962204000.000
20140630,3442.808,3740.972,3363.701,3740.972,1192369880,28847655000.000
20140731,3747.863,3872.649,3258.452,3501.067,1625462100,37832204000.000
20140829,3492.664,3874.878,3438.477,3770.466,1736988500,39604220000.000
20140930,3797.990,4326.583,3793.465,4321.652,2504593400,63067045000.000
20141031,4327.414,4578.481,4228.214,4528.151,2190559600,57976883000.000
20141128,4524.016,4544.885,4143.524,4359.107,1960366000,53090413000.000
20141231,4361.199,4400.998,3706.584,3793.320,2832295200,71317276000.000
20150130,3810.706,4627.221,3701.976,4472.918,2560295300,70495810000.000
20150227,4429.348,4987.693,4411.953,4930.409,1935175400,57631313000.000
20150331,4970.041,6634.777,4952.321,6483.324,4355101800,157161400000.000
20150430,6492.238,8526.776,6481.703,8460.085,4373325700,187362800000.000
20150529,8454.444,13185.167,8252.463,12555.195,5233321700,236592790000.000
20150630,12767.703,15465.529,10434.131,12221.668,5890240600,271784500000.000
20150731,12040.088,13658.067,8028.417,10794.456,6394918100,223219970000.000
20150831,10539.955,12318.422,7582.051,8364.363,4644773200,141282320000.000
20150930,8168.302,9518.187,7100.360,9261.305,3779104400,88496004000.000
20151030,9593.940,12565.019,9528.339,11761.218,5506870600,172548030000.000
20151130,11306.601,13479.250,11145.443,12136.989,6639429200,219156460000.000
20151231,12150.924,12619.461,11346.444,12131.703,4756269500,146585810000.000
20160129,12122.402,12122.402,7494.551,7971.512,3788081000,91373617000.000
20160229,7923.949,9227.704,7361.281,7404.811,2906108800,65166929000.000
20160331,7414.331,9071.739,7226.567,8942.990,4757989000,108841729000.000
20160429,8893.207,9579.178,8522.896,8832.329,4634727900,115577227000.000
20160531,8792.736,9277.041,8070.713,8832.037,3448824900,78633988000.000
20160630,8838.010,9302.197,8284.374,9239.809,4867765800,100163081000.000
20160729,9255.112,9843.503,9145.049,9289.777,5688686900,118883133000.000
20160831,9220.975,9946.449,8989.891,9836.492,5267281600,117842997000.000
20160930,9822.605,9906.457,9289.217,9486.591,2950715100,67074262000.000
20161031,9530.862,9924.072,9521.088,9651.131,2580630800,56924311000.000
20161130,9644.282,9884.461,9485.268,9737.156,3587294200,80753501000.000
20161230,9730.665,9781.291,8581.613,8675.320,2688445100,65055096000.000
20170126,8696.884,8856.395,7704.342,8303.395,1957557600,45804826000.000
20170228,8315.731,8672.556,8233.472,8603.424,2270507100,59433589000.000
20170331,8597.357,8872.122,8309.773,8373.733,3182542900,82334568000.000
20170428,8370.298,8526.537,7755.264,8077.736,2683397700,56351281000.000
20170531,8055.879,8092.528,7364.581,7553.915,2883855700,54939952000.000
20170630,7521.188,7826.543,7261.897,7721.843,3036182100,58087194000.000
20170731,7753.005,7905.983,6995.431,7226.226,3040680000,57123312000.000
20170831,7219.102,7751.847,7108.676,7751.649,3469917300,87395019000.000
20170929,7776.607,8107.140,7717.537,7896.445,4100821300,102722490000.000
20171031,7974.759,8862.526,7920.289,8182.622,6513813300,145369640000.000
20171130,8182.525,8490.899,7336.983,7409.135,4937481900,136854230000.000
20171229,7406.879,7593.958,7156.574,7514.769,3086454900,75632735000.000
20180131,7527.674,7719.370,7079.941,7112.007,4076706900,89757970000.000
20180228,7081.460,7100.662,6169.710,6825.439,3127851400,56724517000.000
20180330,6812.306,7802.303,6798.883,7802.303,6837401900,134909710000.000
20180427,7835.321,8250.876,7456.695,7980.063,6352078300,121542136000.000
20180531,7973.198,8466.483,7811.838,8040.637,7370426000,188147000000.000
20180629,7998.252,8045.943,6621.650,6921.899,5296309600,154244180000.000
20180731,6928.392,7124.014,6407.352,6476.615,7486778900,163621600000.000
20180831,6478.612,6507.645,5634.862,5805.673,6353364200,136167440000.000
20180928,5788.166,5913.186,5476.586,5802.147,5112815600,87525231000.000
20181031,5711.081,5711.081,4696.285,5160.993,6472313600,116648596000.000
20181130,5205.381,5883.050,5191.525,5571.787,9069506300,147154160000.000
20181228,5703.786,5892.785,5153.018,5203.057,6060376600,108637725000.000
20190131,5205.407,5434.833,4994.186,5022.731,6300056000,104322722000.000
20190228,5043.416,6292.972,5043.416,6251.777,7476029900,131595829000.000
20190329,6287.212,6901.314,6186.994,6818.284,13820145000,244750780000.000
20190430,6858.134,7236.421,6570.739,6645.723,11819172200,204617610000.000
20190531,6427.489,6538.587,6124.299,6283.416,7323126700,134393390000.000
20190628,6283.645,6484.481,5845.046,6349.498,6008820400,110840261000.000
20190731,6454.812,6578.075,6171.883,6356.525,9023111400,168855750000.000
20190830,6318.933,6718.970,5953.277,6558.632,9579075100,197733450000.000
20190930,6551.916,7079.003,6551.916,6723.594,9790125900,200116870000.000
20191031,6719.613,7204.592,6708.562,6893.403,8987616600,215377990000.000
20191129,6855.511,7163.969,6606.208,6665.695,10591576500,267277710000.000
20191231,6662.991,7023.851,6512.131,6963.938,10088794500,233650970000.000
20200123,6989.543,7885.404,6949.343,7673.998,10631688300,242982000000.000
20200228,7370.389,8766.339,7348.612,8288.889,24801225000,567734680000.000
20200331,8391.903,9063.871,7576.930,8123.987,27897966000,610294210000.000
20200430,8079.313,9378.331,7907.188,8612.573,24358480000,567681300000.000
20200529,8555.258,9455.417,8533.154,9417.145,14748078000,406664640000.000
20200630,9498.047,11799.160,9486.484,11755.539,22256800000,655734030000.000
20200731,11745.292,13777.056,11376.242,13658.675,32991062000,1133216600000.000
20200831,13782.294,14355.045,12311.859,12765.573,20943316000,767197440000.000
20200930,12751.961,12956.526,11348.744,12024.189,17460032000,592354030000.000
20201030,12200.555,13217.912,12073.534,12323.435,14017573000,515966110000.000
20201130,12324.266,12445.468,11011.677,11118.445,16924779000,584801090000.000
20201231,11136.676,11962.781,11126.658,11416.258,18431979000,627031940000.000
20210129,11417.582,12449.569,10983.018,11292.076,20106874000,836357050000.000
20210226,11276.683,11873.864,10983.315,11259.228,13898549000,570949750000.000
20210331,11341.422,11499.609,10541.896,11122.749,16087976000,669207930000.000
20210409,11143.426,11587.082,11100.100,11549.838,4578633800,149930770000.000
