20070831,1001.824,1109.769,942.164,1108.676,1120121270,16159440000.000
20070928,1118.452,1165.490,1053.603,1133.376,969090870,14783702000.000
20071031,1149.136,1149.136,922.436,982.583,555206970,8064809300.000
20071130,980.967,980.967,888.108,949.023,393691560,5458590500.000
20071228,950.856,1158.157,950.856,1143.514,497725820,6971794300.000
20080131,1149.501,1259.184,1050.138,1062.226,799983880,11941343300.000
20080229,1062.972,1206.284,1026.022,1171.739,300217240,4288491500.000
20080331,1172.616,1253.334,946.294,968.206,460756040,6341559000.000
20080430,960.880,960.880,760.106,933.575,489531100,5243414400.000
20080530,942.929,1142.064,901.103,955.682,828893340,9684496600.000
20080630,953.557,960.074,715.630,748.008,330681990,2680648500.000
20080731,750.899,844.018,724.698,790.117,541614400,4272941400.000
20080829,787.795,799.663,606.404,632.707,304629240,2155644300.000
20080926,628.151,663.035,572.294,643.632,348077110,2237826200.000
20081031,631.264,635.447,511.719,511.719,297501440,1603332900.000
20081128,509.099,635.040,504.187,620.510,616664360,3535719300.000
20081231,623.087,772.684,623.087,715.393,1023340380,6705008600.000
20090123,727.486,798.703,727.486,770.904,510362510,3711241100.000
20090227,776.864,924.877,776.864,792.490,1123031570,9892426100.000
20090331,789.423,915.995,789.423,900.782,950566740,8668254600.000
20090430,906.166,993.618,887.192,993.618,1524768600,16547173000.000
20090527,996.997,1036.789,983.993,996.774,1491505400,16171079000.000
20090630,1004.152,1082.489,1004.152,1039.989,1072279330,11981262500.000
20090731,1038.607,1128.770,1038.607,1090.702,1119612400,11307199900.000
20090831,1093.570,1176.083,994.206,1056.052,1106000000,12075270000.000
20090930,1039.274,1237.236,1039.274,1114.798,956567840,11300139000.000
20091030,1126.995,1264.614,1126.995,1230.805,965537890,12135774100.000
20091130,1219.891,1460.599,1219.891,1409.887,2015386000,29249936000.000
20091231,1408.042,1512.538,1363.438,1447.645,1224217750,16924600000.000
20100129,1451.088,1576.442,1420.240,1547.192,1104273560,15045506000.000
20100226,1543.152,1702.976,1531.806,1702.976,725503860,9328278100.000
20100331,1704.243,1727.613,1616.020,1682.559,1099682440,16046163000.000
20100430,1684.957,1911.778,1684.957,1722.638,1487711300,23754573000.000
20100531,1689.816,1821.406,1512.369,1723.637,806640330,12827522300.000
20100630,1695.648,1755.493,1490.225,1527.551,683334130,10406453600.000
20100730,1522.021,1622.633,1398.764,1602.294,626869830,8964466200.000
20100831,1601.324,1898.054,1601.324,1898.054,1209051260,20257046000.000
20100930,1895.964,2030.524,1877.997,1987.911,862974880,15876106000.000
20101029,2006.548,2013.090,1828.123,1979.661,1122761530,20271716000.000
20101130,1986.944,2222.106,1986.944,2150.144,2011964400,37927301000.000
20101231,2132.019,2132.019,1841.804,1956.287,990513860,19245650000.000
20110131,1964.006,1969.055,1675.509,1789.928,508871510,9328520900.000
20110228,1788.623,1903.055,1759.432,1901.200,594701440,9857482300.000
20110331,1902.574,2000.764,1838.723,1856.014,1390602400,23907300000.000
20110429,1853.082,2030.741,1848.098,1870.311,1241917490,20814380000.000
20110531,1872.371,2027.713,1719.669,1771.082,1377344200,22099016000.000
20110630,1769.663,1807.893,1626.552,1789.484,930055760,14149733000.000
20110729,1794.521,2072.263,1794.521,1882.347,2405653500,29351546000.000
20110831,1876.958,1902.500,1684.570,1851.146,1480517900,18383404000.000
20110930,1852.036,1889.771,1650.441,1675.143,1246444140,14925622000.000
20111031,1678.916,1770.919,1562.697,1715.458,845710320,8977906700.000
20111130,1701.728,1898.248,1677.247,1704.267,1535111400,16831382000.000
20111230,1744.819,1764.901,1333.555,1390.885,695998720,7005773100.000
20120131,1398.781,1402.421,1251.246,1327.703,635191640,5885242800.000
20120229,1321.808,1581.300,1314.651,1508.844,1397706700,13140467900.000
20120330,1501.952,1607.053,1379.896,1393.933,1395625900,15005050000.000
20120427,1394.855,1550.867,1391.331,1522.756,852214320,8650466000.000
20120531,1534.811,1664.122,1492.108,1559.606,1712382800,16135103000.000
20120629,1556.138,1621.016,1509.789,1611.918,968566020,10105246500.000
20120731,1624.455,1683.275,1537.226,1547.783,1339020880,14001564000.000
20120831,1540.044,1748.600,1540.044,1645.678,1395738900,14297456000.000
20120928,1648.420,1750.757,1586.576,1645.583,699532540,7339475100.000
20121031,1647.557,1687.740,1569.241,1584.580,543974250,5950559500.000
20121130,1592.899,1619.193,1374.329,1390.621,497313920,5288480800.000
20121231,1396.183,1530.157,1338.263,1527.874,794904170,8162123400.000
20130131,1535.004,1644.292,1495.279,1600.132,947122260,10795019600.000
20130228,1598.531,1739.148,1572.390,1659.237,864829480,10529543600.000
20130329,1660.232,1758.208,1600.938,1611.158,1183269490,16007802000.000
20130426,1597.060,1641.727,1504.842,1523.150,955517620,11765613600.000
20130531,1521.322,1751.811,1514.391,1733.315,1248353980,16013003000.000
20130628,1737.096,1754.587,1424.971,1519.420,819152420,10142308800.000
20130731,1518.660,1714.058,1508.024,1650.669,1004814220,13357507300.000
20130830,1654.870,1809.690,1647.092,1755.428,1263131230,16728421000.000
20130930,1757.662,1941.864,1744.749,1939.937,1554834100,18933350000.000
20131031,1936.409,2024.988,1799.108,1863.354,1272845090,17885931000.000
20131129,1866.925,1935.740,1743.073,1935.580,1108330850,14366944000.000
20131231,1893.319,1943.704,1821.380,1942.307,1076150760,16162500000.000
20140130,1937.343,1997.687,1825.452,1977.645,1008111680,16041102000.000
20140228,1971.712,2236.222,1961.329,2051.695,1527507200,22154483000.000
20140331,2042.182,2115.468,1935.061,1946.987,1108172220,15896019000.000
20140430,1952.289,2032.637,1829.849,1915.199,932241480,12700076700.000
20140530,1915.965,1949.384,1819.604,1919.275,842211000,11405786700.000
20140630,1925.752,2001.929,1864.781,2000.554,632991260,8810222200.000
20140731,1995.552,2372.131,1989.550,2355.666,1814420900,30194518000.000
20140829,2350.169,2595.273,2345.570,2534.402,2122804500,32415810000.000
20140930,2531.445,2848.652,2525.824,2827.851,2625545100,42917215000.000
20141031,2833.102,3053.074,2761.535,2879.614,2306481200,37458722000.000
20141128,2878.996,2891.646,2721.167,2877.208,2190331900,38286367000.000
20141231,2871.232,3323.246,2829.180,3054.464,3466344400,64891415000.000
20150130,3042.716,3358.782,3000.188,3229.713,2113975100,44134041000.000
20150227,3194.931,3655.514,3172.820,3628.485,2498642400,53170099000.000
20150331,3650.739,4180.238,3616.631,4117.895,4954560200,121153617000.000
20150430,4111.580,5289.120,4105.541,5206.649,5350843800,137144690000.000
20150529,5260.993,7739.699,4992.517,7141.444,5643800600,182174900000.000
20150630,7190.958,8317.461,5742.119,6709.435,5310648100,173119970000.000
20150731,6616.844,6869.119,3726.444,5435.553,5738046000,126442710000.000
20150831,5343.148,6412.754,4019.049,4459.970,4372304900,107232405000.000
20150930,4395.431,4622.216,3914.938,4397.500,2363719400,48506273000.000
20151030,4574.865,5279.794,4550.151,5085.824,3405579800,74871891000.000
20151130,4988.628,6177.069,4967.719,5589.437,3927970900,102555482000.000
20151231,5567.700,6069.321,5297.992,5905.396,3100992200,89907494000.000
20160129,5858.809,5876.197,4014.976,4245.800,2249329600,61122452000.000
20160229,4229.613,4979.136,4153.100,4233.913,1572022200,36992159000.000
20160331,4270.026,5009.188,4150.729,4939.920,2076168700,56078632000.000
20160429,4914.639,5380.065,4821.653,5126.183,2045753200,63088578000.000
20160531,5122.866,5421.471,4707.073,5019.705,2198933000,50042321000.000
20160630,5026.834,5281.455,4713.812,5206.547,2211860700,52774571000.000
20160729,5221.893,5658.824,5174.148,5434.004,2808074600,66975818000.000
20160831,5408.264,5601.690,5232.374,5577.607,2438606500,55690616000.000
20160930,5560.546,5728.542,5447.629,5567.530,1654719700,38762714000.000
20161031,5585.470,5785.048,5583.923,5783.539,1204478050,30284924000.000
20161130,5783.539,6001.675,5705.490,5724.789,1999057900,62189065000.000
20161230,5724.431,5763.590,5318.540,5446.719,1152383090,31667014000.000
20170126,5449.261,5617.931,5107.937,5394.910,1118918730,27835494000.000
20170228,5398.601,5579.859,5342.273,5477.541,1213507970,29408803000.000
20170331,5498.875,5716.364,5463.160,5606.527,1606054600,47368626000.000
20170428,5602.396,5686.789,5314.802,5436.684,1086135050,31902159000.000
20170531,5422.293,5438.973,4990.795,5124.094,1186725260,32912513000.000
20170630,5096.822,5328.063,4922.848,5328.063,1567460900,41359556000.000
20170731,5328.327,5356.516,4947.297,5055.951,1598760900,38610481000.000
20170831,5052.073,5165.648,4958.036,5126.341,1518694200,38238665000.000
20170929,5126.399,5154.369,5015.029,5086.830,1369301600,32852445000.000
20171031,5120.117,5360.639,5116.129,5284.969,1603901800,40279439000.000
20171130,5291.745,5313.683,4792.726,4811.448,1941163200,48756871000.000
20171229,4807.878,4984.451,4706.076,4979.403,1631820500,49748343000.000
20180131,4984.309,5105.536,4775.778,4786.585,1822761600,47753259000.000
20180228,4785.498,4795.134,4250.391,4706.560,1186961560,27677806000.000
20180330,4691.105,5250.223,4678.837,5246.734,2137656000,55733472000.000
20180427,5260.823,5430.405,4891.297,5183.199,2089064100,51980247000.000
20180531,5202.279,5505.276,5085.691,5259.172,2782605300,50715513000.000
20180629,5231.890,5235.077,4466.526,4602.705,1840413400,30958199000.000
20180731,4614.976,4635.912,4127.598,4415.604,2261816000,41113472000.000
20180831,4433.706,4440.471,3921.453,4004.742,2189887200,34979126000.000
20180928,4003.469,4035.871,3718.625,3984.286,2036280900,27824656000.000
20181031,3924.980,3924.980,3247.547,3513.381,2140643600,22751194000.000
20181130,3525.856,3881.036,3515.042,3665.183,3112814400,31933415000.000
20181228,3721.817,3869.909,3366.183,3393.967,1948706100,24356194000.000
20190131,3401.390,3507.256,3276.586,3288.613,2046884100,22606335000.000
20190228,3303.046,3974.542,3303.046,3899.041,3196229100,33442129000.000
20190329,3902.644,4375.528,3861.410,4286.668,6625184400,77501860000.000
20190430,4311.754,4685.896,4101.412,4168.828,5738733400,73286597000.000
20190531,4055.012,4079.723,3808.010,3863.302,2575271600,35213591000.000
20190628,3858.290,3890.665,3589.457,3843.633,2322145400,26271621000.000
20190731,3896.590,3962.283,3692.617,3806.589,3017559900,36216415000.000
20190830,3792.429,4160.646,3588.715,4024.942,3973490600,49378707000.000
20190930,4055.871,4258.593,3994.609,3995.437,4571456400,55547666000.000
20191031,4001.933,4159.151,3931.987,3937.366,2265838600,33248351000.000
20191129,3940.428,4054.148,3761.747,3790.017,2360635600,36814488000.000
20191231,3781.976,3977.307,3714.258,3977.307,2912590300,36415399000.000
20200123,3988.627,4298.710,3966.195,4177.670,3976343600,45800173000.000
20200228,4147.061,4797.906,4111.480,4116.447,12333142200,133717333000.000
20200331,4130.238,4366.481,3814.978,4074.085,7958062700,87357319000.000
20200430,4062.863,4491.798,3983.656,4100.623,6198418200,86667286000.000
20200529,4067.418,4177.679,3989.794,4145.010,3109002500,48125741000.000
20200630,4164.952,4488.344,4133.345,4468.993,5180036600,87334497000.000
20200731,4458.375,4966.904,4383.946,4956.247,10640465000,168146380000.000
20200831,5010.558,5134.436,4717.235,4985.948,8977729400,162397080000.000
20200930,4998.485,5085.239,4600.541,4631.169,4422078200,83977966000.000
20201030,4670.724,4862.559,4578.013,4666.877,2813890900,61622680000.000
20201130,4661.490,4788.339,4589.416,4715.863,3479901000,72893603000.000
20201231,4706.039,4910.638,4376.986,4461.594,4509855600,117887685000.000
20210129,4456.405,4568.804,4242.635,4394.840,3512448100,82580763000.000
20210226,4359.236,4629.536,4247.888,4470.446,2447512900,58150785000.000
20210331,4473.364,4582.281,4310.651,4529.828,2874905700,62814739000.000
20210409,4531.996,4563.349,4508.390,4520.684,582950850,11409210600.000
