20070831,1000.809,1081.126,941.150,1078.429,4528038700,53659281000.000
20070928,1087.055,1095.964,1012.262,1064.739,3418378500,43862464000.000
20071031,1081.201,1081.201,830.369,897.629,1930243300,24502549000.000
20071130,896.511,923.554,844.547,887.777,1594510100,18957288000.000
20071228,891.255,1069.027,891.255,1057.178,1900229900,25073037000.000
20080131,1062.460,1153.204,965.323,965.323,3426247300,46764462000.000
20080229,963.156,1066.187,919.159,1064.118,1650825200,22875268000.000
20080331,1061.434,1103.310,858.265,858.265,2467451300,39238138000.000
20080430,854.673,854.673,627.238,749.449,2357693400,25966578000.000
20080530,755.718,792.227,695.214,702.462,2351568800,23671883000.000
20080630,703.098,709.089,514.261,524.778,1523505900,11313977500.000
20080731,527.457,610.704,514.501,577.554,2354085000,16605531000.000
20080829,573.942,584.138,427.800,454.852,1422455200,8068582600.000
20080926,452.256,452.333,369.877,408.846,1450163100,7035375700.000
20081031,402.145,402.145,297.088,302.351,1021277930,4092598100.000
20081128,301.015,386.548,298.148,352.650,2475563600,9775382100.000
20081231,352.360,441.977,352.360,389.568,4478977600,20582978000.000
20090123,397.601,457.148,397.601,457.148,2493173600,12341251300.000
20090227,459.838,588.822,459.838,476.083,6660137900,38348124000.000
20090331,468.115,598.642,468.115,598.642,5653779200,33469645000.000
20090430,601.838,679.580,588.526,629.805,6839170700,45669989000.000
20090527,632.763,680.097,625.455,669.610,4912875200,34910805000.000
20090630,672.914,682.569,657.419,669.317,4833972300,34025393000.000
20090731,668.515,773.265,668.515,773.265,7670586800,57086807000.000
20090831,775.597,807.764,623.202,657.468,5904467000,47125609000.000
20090930,651.375,829.208,651.375,684.511,7082601300,59966792000.000
20091030,695.350,804.899,695.350,778.863,4432683900,36649456000.000
20091130,761.835,940.286,761.835,870.082,7082562600,63271224000.000
20091231,870.794,969.135,859.871,966.552,6492485000,60971975000.000
20100129,973.803,1096.507,933.448,963.008,6578263900,70019027000.000
20100226,957.424,1002.952,919.663,1001.713,2688289000,27505237000.000
20100331,1001.554,1120.677,969.444,1120.677,7362508400,83843693000.000
20100430,1119.732,1202.047,1070.541,1070.541,7366453300,94006755000.000
20100531,1043.557,1124.669,906.504,998.582,5711823300,71415819000.000
20100630,984.808,1076.555,913.495,913.495,5017853700,62744772000.000
20100730,910.852,1047.267,876.231,1044.368,5102396600,60916625000.000
20100831,1049.289,1166.471,1042.507,1166.471,7459964500,93238564000.000
20100930,1168.894,1222.213,1119.459,1139.655,5752718700,74911234000.000
20101029,1149.988,1290.187,1105.061,1290.187,6090176200,79541134000.000
20101130,1292.889,1475.337,1270.028,1416.272,10514014000,158638580000.000
20101231,1404.858,1461.155,1311.206,1386.993,5010711100,78691583000.000
20110131,1393.522,1418.465,1146.072,1234.370,2748665600,39451921000.000
20110228,1233.483,1414.517,1225.958,1403.644,3122811400,45203877000.000
20110331,1401.999,1449.309,1353.858,1359.719,5136546600,76496136000.000
20110429,1358.163,1389.016,1229.042,1256.431,2740966400,38192974000.000
20110531,1258.664,1292.130,1109.838,1143.247,2713015700,34405466000.000
20110630,1144.647,1235.016,1094.264,1206.713,2826851300,33655518000.000
20110729,1208.390,1313.747,1203.635,1225.064,3545758100,46752265000.000
20110831,1222.321,1250.596,1099.275,1189.998,3603314400,44763120000.000
20110930,1192.617,1199.826,1043.036,1052.698,1956133200,24426876000.000
20111031,1058.172,1134.523,972.455,1081.403,2275003600,26718216000.000
20111130,1071.106,1180.722,1022.278,1032.797,3538122600,44354934000.000
20111230,1064.055,1074.316,833.961,874.379,1963710600,25173637000.000
20120131,883.445,901.000,766.900,847.611,1697481100,19143785000.000
20120229,845.755,1022.798,842.189,975.735,4016062300,42468167000.000
20120330,972.263,1076.779,913.556,923.340,4959641600,57925690000.000
20120427,923.127,1024.935,921.497,968.462,3237958600,35653450000.000
20120531,981.680,1012.487,901.119,964.319,2942281200,32432937000.000
20120629,961.006,966.836,849.350,871.874,1820386300,19013290000.000
20120731,875.008,889.399,753.898,754.970,1995461800,19826671000.000
20120831,751.195,848.535,751.195,800.080,3227650900,28114931000.000
20120928,794.808,877.516,759.292,792.836,2915675500,25317591000.000
20121031,792.805,819.307,758.039,767.933,1652994900,13236326700.000
20121130,767.011,779.668,643.004,652.002,1569813300,12319724000.000
20121231,648.741,748.177,620.364,746.415,2573888400,18847983000.000
20130131,750.463,813.599,738.558,785.822,3917144500,31328635000.000
20130228,785.822,827.314,776.310,827.155,3068498500,24498185000.000
20130329,829.636,870.328,784.528,802.663,4352887100,36868121000.000
20130426,803.721,810.768,755.554,763.141,2520972400,20834105000.000
20130531,764.913,942.994,761.413,927.352,6848511900,62634537000.000
20130628,925.545,927.259,735.137,801.169,4089640800,40053223000.000
20130731,796.939,939.551,794.351,916.043,7380199600,71885615000.000
20130830,915.996,1037.159,915.104,984.384,8687946000,83127120000.000
20130930,981.529,1048.360,981.529,1047.495,5551338500,54992884000.000
20131031,1047.219,1101.500,955.595,984.886,4629544000,50574270000.000
20131129,981.059,1079.056,940.522,1078.999,4340380400,49493065000.000
20131231,1038.901,1058.206,957.288,1032.133,5277135900,68919122000.000
20140130,1028.617,1134.168,972.465,1117.671,6184767300,70599218000.000
20140228,1107.342,1313.812,1103.165,1211.871,8859457700,106496257000.000
20140331,1219.324,1255.685,1086.805,1095.899,6995638700,80343935000.000
20140430,1097.556,1198.682,1059.998,1097.429,5639030200,63290387000.000
20140530,1093.489,1184.270,1090.997,1178.483,5049809700,58977447000.000
20140630,1179.747,1271.408,1149.741,1271.408,6494011100,79902509000.000
20140731,1281.276,1327.761,1227.875,1309.972,7762425100,97752754000.000
20140829,1305.490,1441.034,1286.680,1428.304,8962307800,112711639000.000
20140930,1428.413,1591.690,1427.304,1589.396,9710160000,119874404000.000
20141031,1589.660,1609.047,1496.394,1571.939,8213782700,102633090000.000
20141128,1570.778,1609.219,1486.331,1600.676,7415634500,95031064000.000
20141231,1602.886,1638.262,1380.254,1409.904,10463691000,132064252000.000
20150130,1408.248,1629.356,1389.175,1590.191,8074687600,113134563000.000
20150227,1580.928,1791.240,1571.542,1790.397,6378196300,101794085000.000
20150331,1797.766,2156.128,1790.234,2127.498,13972447000,236886960000.000
20150430,2128.950,2564.157,2128.691,2527.823,16737938000,317599300000.000
20150529,2525.984,4098.188,2381.630,3882.804,19601065000,428918960000.000
20150630,3949.801,4667.360,2828.177,3263.229,21620784000,549522940000.000
20150731,3208.080,3508.986,1988.938,2923.280,24097882000,412146720000.000
20150831,2863.979,3428.391,2084.472,2273.115,19254688000,315623890000.000
20150930,2247.542,2335.608,1918.980,2215.433,14329992000,178990420000.000
20151030,2308.481,2874.705,2287.157,2785.215,16669174000,252686260000.000
20151130,2697.338,3681.487,2685.004,3429.953,25851182000,469455120000.000
20151231,3420.671,3967.915,3127.426,3851.354,18973837000,366544860000.000
20160129,3836.385,3841.253,2412.136,2566.291,12539021500,212410430000.000
20160229,2561.800,3068.182,2467.638,2490.807,9784130300,150377030000.000
20160331,2492.321,3111.469,2412.029,3065.190,15118842000,232581190000.000
20160429,3047.351,3267.285,2917.537,3034.211,13165127900,210766280000.000
20160531,3031.716,3263.970,2757.581,3263.474,14381644000,236304900000.000
20160630,3258.731,3827.036,3139.720,3749.107,22272928000,391425250000.000
20160729,3747.935,3802.225,3443.064,3470.961,17353819000,300355160000.000
20160831,3445.345,3674.532,3345.659,3651.462,11828648700,201336450000.000
20160930,3658.837,3776.908,3558.694,3662.960,11526497000,187959820000.000
20161031,3693.231,3901.574,3683.141,3816.825,9444615400,165845820000.000
20161130,3818.471,4008.426,3793.395,3871.078,13316333200,248862970000.000
20161230,3874.304,3886.029,3469.125,3564.983,8322370700,150964890000.000
20170126,3573.040,3674.524,3168.171,3410.946,5533972700,92524567000.000
20170228,3412.551,3590.954,3375.099,3574.855,6711682800,107215396000.000
20170331,3582.534,3796.475,3553.255,3592.368,11289546100,223170780000.000
20170428,3589.085,3702.540,3174.252,3306.706,7733952100,144584910000.000
20170531,3296.406,3321.141,2959.244,3058.571,7190897400,126298743000.000
20170630,3046.488,3230.506,2896.425,3176.770,8264546100,131770177000.000
20170731,3176.222,3317.844,2926.994,3136.052,10585097400,169107450000.000
20170831,3137.395,3344.257,3055.951,3344.199,12076125700,183677010000.000
20170929,3349.346,3795.032,3333.494,3760.538,19195215000,315211380000.000
20171031,3816.834,3848.325,3545.440,3659.224,10957644800,191269860000.000
20171130,3657.231,4058.771,3579.703,3716.958,22820060000,420168620000.000
20171229,3712.555,3905.228,3549.517,3734.993,28921692000,450500090000.000
20180131,3748.894,3823.979,3184.553,3189.457,17250684000,296583570000.000
20180228,3177.741,3216.381,2746.954,3182.566,9384839800,137757710000.000
20180330,3159.828,3535.078,3066.871,3535.014,19297173000,351424860000.000
20180427,3580.409,3791.710,3452.323,3603.885,23336345000,430602450000.000
20180531,3599.960,3688.476,3273.393,3322.827,17340331000,310127310000.000
20180629,3301.348,3378.754,2869.037,3193.341,11533780800,194313880000.000
20180731,3199.997,3515.238,3077.699,3265.242,18056301000,314949400000.000
20180831,3277.528,3330.807,3012.677,3112.773,13508070000,219301750000.000
20180928,3108.684,3184.735,2872.245,2948.598,9839484600,152384470000.000
20181031,2882.853,2888.720,2416.942,2614.649,11003090100,136913950000.000
20181130,2643.491,2944.387,2633.586,2750.831,17499320000,204495650000.000
20181228,2836.752,2880.437,2608.714,2621.958,12289597300,131115295000.000
20190131,2621.987,2864.273,2551.132,2626.758,17362460000,183851440000.000
20190228,2638.044,3404.855,2638.044,3279.839,22095278000,266332470000.000
20190329,3286.801,3922.735,3230.778,3730.840,40149796000,552197420000.000
20190430,3741.856,3931.179,3371.151,3407.380,25470167000,381695760000.000
20190531,3282.603,3678.384,3040.440,3588.985,30773947000,404380210000.000
20190628,3600.501,3725.066,3347.162,3630.335,27294964000,370590720000.000
20190731,3752.860,3867.901,3513.667,3839.204,27936999000,465918890000.000
20190830,3807.480,4123.130,3557.267,3999.765,32394352000,624538100000.000
20190930,3990.401,4757.437,3990.401,4212.394,37302569000,771001390000.000
20191031,4227.098,4371.307,4007.377,4083.976,17538190000,379023530000.000
20191129,4058.235,4236.485,3913.789,4075.127,22054267000,454001300000.000
20191231,4076.832,4805.154,4064.334,4621.333,38386013000,729322930000.000
20200123,4654.408,5630.232,4631.266,5383.678,32546319000,708476790000.000
20200228,4819.756,6879.120,4505.602,5753.534,57611285000,1428275900000.000
20200331,5895.693,6273.507,4678.673,4776.975,48191449000,1212431640000.000
20200430,4757.263,5359.870,4755.834,5327.179,32816447000,790305840000.000
20200529,5288.518,5900.464,5286.101,5494.098,35367213000,960147870000.000
20200630,5549.829,6206.192,5549.829,6181.235,34953688000,1011384100000.000
20200731,6190.391,7514.315,6084.571,6794.020,56142264000,1952575600000.000
20200831,6882.770,7186.382,6338.490,6599.002,36674404000,1247308950000.000
20200930,6578.491,6837.867,5999.735,6260.396,27793588000,871273930000.000
20201030,6387.524,6778.150,6232.313,6312.574,16559746000,564280650000.000
20201130,6322.715,7191.779,6226.836,6807.819,26418823000,1019038980000.000
20201231,6804.546,7254.014,6363.059,6640.373,32184460000,1093482650000.000
20210129,6657.480,6935.356,6212.651,6263.184,31801540000,1237100690000.000
20210226,6243.476,6450.202,5823.882,6189.239,16513926000,576386800000.000
20210331,6234.359,6525.224,5768.719,5933.631,20411862000,646416870000.000
20210409,5953.667,6494.371,5953.667,6396.918,6913064800,209392410000.000
