20070831,1001.274,1132.959,946.885,1132.959,1994935800,38856640000.000
20070928,1149.850,1149.850,1027.691,1115.043,1330000030,26823182000.000
20071031,1140.835,1141.847,920.162,1030.830,890798100,18765308000.000
20071130,1033.808,1033.808,880.137,881.018,629922520,13019941900.000
20071228,876.625,1013.298,876.625,1013.298,840584410,12959115600.000
20080131,1021.910,1093.854,905.461,905.461,986238030,18009440000.000
20080229,898.608,1000.320,863.695,976.936,601932430,11318593500.000
20080331,986.103,1026.609,779.567,842.869,948448900,17593992000.000
20080430,838.746,838.746,594.515,739.828,795279940,11073734500.000
20080530,744.342,764.793,668.746,673.716,685995250,8422829900.000
20080630,674.911,688.429,505.724,548.797,386513760,3940866600.000
20080731,547.174,662.830,522.983,635.122,953647370,10288010500.000
20080829,628.985,644.078,456.628,504.552,601849050,6000593200.000
20080926,501.548,501.548,410.893,460.947,397114680,3215760500.000
20081031,459.394,459.394,355.390,355.390,484848460,3360905200.000
20081128,351.700,465.539,340.802,431.822,1015640540,7328485100.000
20081231,426.413,513.907,426.413,428.572,1379402300,10640367300.000
20090123,437.175,539.569,437.175,537.369,1076645170,10735375800.000
20090227,539.128,700.410,539.128,568.900,2345444800,24377756000.000
20090331,564.043,759.411,564.043,759.411,2067600300,23501754000.000
20090430,759.594,809.868,735.719,801.950,1958804600,25698859000.000
20090527,805.362,883.273,805.362,840.920,1667221700,20363154000.000
20090630,851.798,924.584,836.442,916.307,1973170300,24575084000.000
20090731,912.860,1086.245,912.860,1054.098,2600580200,40314167000.000
20090831,1058.028,1082.729,822.535,822.535,2097224200,30296591000.000
20090930,817.756,1017.664,817.756,874.041,1620634200,20222166000.000
20091030,889.851,1027.730,889.851,965.855,1407514100,18912029000.000
20091130,953.517,1130.426,953.517,1063.322,2578917800,36031501000.000
20091231,1063.660,1116.623,972.683,1032.930,1847385900,25566774000.000
20100129,1036.867,1080.812,951.706,962.400,1438188800,19581383000.000
20100226,961.186,1018.347,953.410,1011.492,680120750,8076053600.000
20100331,1011.978,1072.625,995.380,1069.337,1428425400,18866295000.000
20100430,1069.828,1085.109,891.504,891.504,1424247800,17958221000.000
20100531,871.949,879.066,718.952,755.666,862674010,8774012700.000
20100630,752.570,801.902,695.496,695.496,737010580,6807549500.000
20100730,695.873,852.330,690.297,852.330,1222231980,11661802600.000
20100831,849.399,919.952,844.507,864.058,1249282430,12744559200.000
20100930,865.368,876.920,809.978,829.477,998888640,9150050200.000
20101029,828.496,917.438,828.496,903.392,1472818100,14452906000.000
20101130,900.834,1011.600,883.668,900.181,2133796700,24168351000.000
20101231,898.478,959.833,884.432,934.438,1376352100,14457368000.000
20110131,933.880,968.863,859.183,894.562,1291701570,12905356400.000
20110228,895.463,1033.977,882.814,1029.543,1959698000,20299731000.000
20110331,1022.766,1086.827,1018.257,1039.702,2793881600,30489137000.000
20110429,1036.970,1079.825,960.978,976.880,1289333640,15217862000.000
20110531,973.575,1003.203,878.576,897.714,1146478250,11994803700.000
20110630,896.754,940.840,863.654,920.355,748245720,7192829000.000
20110729,923.318,975.274,885.343,914.340,906995060,8764040200.000
20110831,911.049,917.878,785.412,860.437,788168760,6991256200.000
20110930,864.751,865.905,766.563,777.251,376819880,3195363600.000
20111031,778.768,820.176,745.287,814.103,540137260,4742666700.000
20111130,807.046,836.585,733.345,739.377,686142140,5764379100.000
20111230,759.900,769.176,604.397,623.078,326052300,2412736100.000
20120131,628.044,648.953,572.751,636.338,303562630,1999234800.000
20120229,636.210,755.323,628.122,716.662,883024920,6470875000.000
20120330,718.446,756.233,645.616,662.196,799417350,6024057200.000
20120427,661.957,881.370,658.769,821.712,2080976900,16462115000.000
20120531,829.052,832.034,755.593,790.443,1213569250,9538500000.000
20120629,788.782,796.606,717.180,745.438,746130850,5810684800.000
20120731,745.077,754.459,646.628,656.967,759835910,5364904200.000
20120831,656.216,725.001,649.212,657.491,1562263600,9959828700.000
20120928,658.805,697.286,620.782,645.080,758924400,4631509900.000
20121031,644.864,679.087,635.293,640.483,486488400,2945602900.000
20121130,639.735,672.575,576.370,597.364,571079540,3537009900.000
20121231,596.937,753.315,581.284,746.569,1439627000,9992367900.000
20130131,750.052,780.902,715.568,741.320,1609919300,12797264800.000
20130228,740.496,776.546,728.629,775.717,785873860,6688757900.000
20130329,772.958,776.725,691.981,724.532,872554200,9149774500.000
20130426,724.532,740.066,678.664,679.488,681734790,7181714400.000
20130531,681.588,813.104,680.414,793.246,1344741800,13864620000.000
20130628,792.596,799.447,606.707,652.213,810496630,6917014100.000
20130731,654.288,693.337,630.259,648.173,1203844010,8974543500.000
20130830,649.253,895.853,646.732,887.686,1876093500,15709198000.000
20130930,909.523,1134.538,847.118,1013.586,4039558300,63217386000.000
20131031,1012.268,1094.693,908.630,919.361,2917754800,48114820000.000
20131129,908.245,998.210,885.768,983.788,2452839000,38825803000.000
20131231,954.632,1036.226,899.816,922.477,1760991000,25816083000.000
20140130,921.757,924.833,831.162,882.068,872662790,13752790000.000
20140228,873.569,939.499,830.211,858.732,1025604350,13636592000.000
20140331,857.787,931.327,819.196,854.849,1523722400,16563763000.000
20140430,853.139,933.514,813.355,833.385,1401831600,16261842000.000
20140530,833.383,854.227,814.138,833.253,644098230,8555059300.000
20140630,833.768,836.271,805.011,825.877,580118700,6370889100.000
20140731,827.253,925.477,817.169,907.180,1026784180,11468493400.000
20140829,902.303,944.348,882.685,915.675,1309280180,16130708000.000
20140930,915.471,1029.643,912.724,998.701,1995302300,24549761000.000
20141031,1004.360,1039.622,935.987,1028.212,1407289400,17986164000.000
20141128,1030.154,1205.052,996.873,1192.087,2990498200,50468561000.000
20141231,1191.424,1276.654,1129.339,1224.894,3919441700,74898022000.000
20150130,1227.752,1328.031,1133.334,1257.884,2447894200,48122358000.000
20150227,1237.757,1376.157,1223.471,1371.619,1209719990,23085873000.000
20150331,1383.506,1663.975,1369.028,1596.191,3275329400,72175420000.000
20150430,1599.028,1929.947,1590.693,1801.394,3676968800,91892149000.000
20150529,1801.994,2299.432,1623.848,2112.148,4125056300,118387532000.000
20150630,2128.810,2673.093,1873.926,2181.037,4468736600,141945330000.000
20150731,2135.962,2219.810,1266.794,1769.434,4893160100,107402510000.000
20150831,1750.147,2328.698,1400.768,1622.874,4256089200,98159979000.000
20150930,1619.465,1784.537,1394.410,1668.382,3215441900,69564239000.000
20151030,1722.511,2137.632,1704.715,2052.133,3358171100,81171903000.000
20151130,1992.826,2270.417,1870.099,1981.393,4060057500,102634747000.000
20151231,1980.204,2424.744,1956.625,2353.800,4422670300,109183415000.000
20160129,2351.874,2354.870,1537.489,1617.302,3450093400,68524037000.000
20160229,1611.012,1874.742,1530.680,1555.901,1594763900,30505971000.000
20160331,1561.433,1947.237,1542.244,1923.157,2088570800,38846414000.000
20160429,1901.728,2001.292,1767.656,1813.482,1528843300,30023771000.000
20160531,1810.114,1873.774,1628.389,1802.144,1112283500,21374525000.000
20160630,1799.984,1876.002,1699.053,1844.389,1339649580,24518388000.000
20160729,1849.512,2025.741,1840.932,1913.415,1899839200,33361145000.000
20160831,1902.317,2138.267,1850.655,2044.526,2623290800,49192898000.000
20160930,2045.548,2074.802,1954.297,2015.340,1343695400,23802035000.000
20161031,2018.161,2083.547,1991.357,2039.749,876059790,14408355000.000
20161130,2041.562,2190.159,2001.793,2102.397,1418709200,24309005000.000
20161230,2104.032,2150.861,2003.729,2058.284,1151360740,20604712000.000
20170126,2083.601,2167.971,1981.005,2005.201,985521890,16675147000.000
20170228,2008.409,2123.983,1991.165,2100.694,1215618080,20389303000.000
20170331,2098.383,2118.130,2011.131,2018.024,1466204800,23974641000.000
20170428,2051.120,2148.674,1854.744,1923.113,1314092650,22536233000.000
20170531,1921.190,1924.669,1793.096,1866.936,1199422750,20353032000.000
20170630,1860.188,1990.326,1802.093,1930.160,1295892120,21513256000.000
20170731,1928.748,1958.225,1785.113,1911.393,1143836150,18783691000.000
20170831,1906.564,2017.550,1886.008,2015.760,2379175600,32243798000.000
20170929,2010.582,2027.609,1946.058,1968.929,1799523800,28116664000.000
20171031,1986.829,2115.561,1943.969,2080.813,2004014600,32561318000.000
20171130,2067.229,2079.748,1910.081,1931.780,1342441700,21613577000.000
20171229,1932.917,1940.090,1825.556,1858.910,1068890530,13041908100.000
20180131,1859.568,1977.955,1832.574,1839.961,1415749000,18384477000.000
20180228,1839.917,1843.248,1568.614,1755.174,598892490,7200025300.000
20180330,1750.338,1833.321,1645.488,1770.107,1297745530,17564593000.000
20180427,1768.877,1822.868,1680.210,1715.593,826208440,11703265500.000
20180531,1717.675,1732.020,1589.136,1615.225,664627450,8646023700.000
20180629,1614.103,1638.768,1400.809,1429.533,623733720,6186445900.000
20180731,1439.054,1475.568,1329.952,1452.428,581420830,4702759100.000
20180831,1453.521,1490.803,1345.282,1347.859,779212070,5598272600.000
20180928,1348.085,1348.085,1274.676,1328.976,495331190,3572945800.000
20181031,1316.519,1316.519,1048.658,1169.415,694921830,5567871700.000
20181130,1174.423,1829.999,1173.610,1513.066,5887161400,69781615000.000
20181228,1548.975,1590.604,1427.363,1490.978,4567257900,43281303000.000
20190131,1499.874,1563.373,1398.314,1402.058,4914553500,48120279000.000
20190228,1408.872,1824.910,1408.872,1756.208,4054658000,48023359000.000
20190329,1738.541,2372.942,1725.395,2104.195,9495331500,161000460000.000
20190430,2149.406,2387.788,2045.220,2112.683,5516452000,98757269000.000
20190531,2011.543,2143.007,1865.528,2127.211,3473274600,53730741000.000
20190628,2125.967,2160.610,1926.683,2048.970,2737111500,41205675000.000
20190731,2083.478,2119.456,1898.307,1907.691,2295389500,33966774000.000
20190830,1899.072,1908.341,1670.794,1742.489,2452757000,32960254000.000
20190930,1745.843,1875.792,1739.457,1739.457,2100182000,25266006000.000
20191031,1746.248,1806.098,1708.569,1736.283,1208561110,14066420000.000
20191129,1736.933,1770.622,1630.240,1637.537,958003990,11520314900.000
20191231,1640.654,1768.763,1632.859,1756.315,1679319600,19036304000.000
20200123,1770.868,1798.029,1704.334,1720.868,1481227800,17163866000.000
20200228,1548.984,1704.877,1448.037,1559.529,2467846500,25274392000.000
20200331,1568.687,1712.063,1464.255,1492.121,2810224600,27003887000.000
20200430,1489.609,1581.299,1467.709,1578.448,1533588000,14337929000.000
20200529,1595.762,1680.490,1568.048,1631.916,3296821700,31129704000.000
20200630,1638.575,1730.674,1637.650,1730.661,3591971700,47408219000.000
20200731,1730.250,2052.736,1718.214,1845.845,5400335200,72854976000.000
20200831,1857.995,1948.955,1828.071,1889.700,2735829800,39120507000.000
20200930,1889.125,1907.507,1679.477,1683.652,1677182200,20903689000.000
20201030,1698.631,1765.134,1692.439,1693.308,1008459910,13329278200.000
20201130,1694.946,1776.483,1659.539,1717.772,1887624600,23905670000.000
20201231,1712.947,1740.732,1580.033,1605.779,1146068720,12713955400.000
20210129,1606.295,1607.525,1484.588,1494.085,1122798860,12448839000.000
20210226,1494.339,1593.653,1423.211,1552.653,872572340,8903679200.000
20210331,1554.372,1606.884,1517.376,1574.054,998384080,10115874100.000
20210409,1576.775,1615.043,1574.260,1592.588,203136720,2097149100.000
