20070831,1002.464,1126.049,944.183,1126.049,10936816100,144136620000.000
20070928,1138.547,1281.478,1124.014,1281.478,9000571100,137885630000.000
20071031,1305.915,1305.915,1077.679,1169.171,6817396200,131721281000.000
20071130,1182.116,1182.116,1023.161,1041.798,4729019500,88674286000.000
20071228,1042.329,1291.344,1042.329,1275.475,3820096100,62953670000.000
20080131,1282.298,1402.487,1193.216,1193.216,5443763000,94694569000.000
20080229,1190.875,1340.179,1125.659,1340.179,2948174300,48315798000.000
20080331,1335.997,1380.395,1039.934,1039.934,4290719400,59661264000.000
20080430,1038.929,1038.929,830.289,1003.095,4728577700,53822108000.000
20080530,1015.476,1086.853,968.213,1026.959,6136787200,76449437000.000
20080630,1022.722,1043.667,753.884,766.817,2779351500,30741778000.000
20080731,769.081,907.840,750.047,836.335,4715347700,46367947000.000
20080829,830.673,847.197,636.902,661.979,1800375900,14763764000.000
20080926,655.756,657.752,571.973,617.267,1914784200,13550798000.000
20081030,611.439,611.439,507.964,520.081,2325402900,14653671000.000
20081128,518.823,651.935,510.139,562.384,4039977800,22792903000.000
20081231,560.124,688.295,560.124,592.677,7319600700,45470651000.000
20090123,603.457,703.121,603.457,703.121,4322159600,27006821000.000
20090227,708.742,913.004,708.742,756.070,10675344600,78804271000.000
20090331,740.199,942.831,740.199,942.831,8702510500,65462490000.000
20090430,945.044,1060.377,923.001,964.782,9501288900,76407971000.000
20090527,966.350,1092.106,966.350,1092.106,7746386200,67365796000.000
20090630,1108.171,1139.250,1105.361,1122.500,8958107900,80937605000.000
20090731,1118.045,1395.945,1118.045,1364.305,13093177200,132207903000.000
20090831,1365.857,1444.362,1125.339,1134.580,9102051000,98945277000.000
20090930,1112.131,1323.795,1107.467,1116.464,7678513000,75940435000.000
20091030,1140.653,1282.244,1140.653,1231.884,4834157100,48619388000.000
20091130,1205.705,1557.017,1205.705,1487.149,11698903300,127321389000.000
20091231,1482.606,1574.694,1423.777,1550.466,9945028100,116330407000.000
20100129,1564.653,1655.301,1448.050,1469.528,7442745200,89761921000.000
20100226,1466.480,1556.428,1430.666,1556.428,3818516400,42412639000.000
20100331,1556.175,1598.109,1487.197,1596.445,6804835500,75552629000.000
20100430,1596.637,1675.082,1504.885,1504.885,8161712200,99551224000.000
20100531,1477.099,1541.697,1210.657,1316.331,5642827800,65256723000.000
20100630,1300.275,1342.665,1138.148,1138.148,3749948000,41075042000.000
20100730,1135.796,1325.178,1102.741,1325.178,4860477100,47988458000.000
20100831,1329.587,1509.688,1329.587,1509.688,6717988900,68930080000.000
20100930,1508.661,1616.937,1489.835,1543.950,6372745900,74028846000.000
20101029,1557.762,1784.441,1557.762,1781.302,9246049400,104338242000.000
20101130,1787.575,1924.918,1682.339,1751.734,11215774500,138100740000.000
20101231,1744.285,1822.967,1614.033,1686.392,5346049400,62939784000.000
20110131,1699.230,1724.260,1539.977,1641.453,4137934800,46402169000.000
20110228,1648.064,1832.458,1637.313,1829.791,5319295100,64524106000.000
20110331,1834.938,1918.452,1804.875,1835.487,9126489200,113103934000.000
20110429,1833.967,2036.411,1775.901,1817.045,7834903600,96230654000.000
20110531,1818.756,1902.006,1671.248,1719.307,7762864900,94605631000.000
20110630,1719.007,1850.913,1677.522,1841.428,8026919800,91757852000.000
20110729,1845.474,1963.745,1800.308,1827.418,7628503400,95993908000.000
20110831,1823.862,1846.323,1587.952,1752.003,5586108600,65661094000.000
20110930,1757.807,1766.082,1537.113,1555.320,4386409900,48001877000.000
20111031,1563.964,1644.859,1466.081,1614.753,4016338500,40666021000.000
20111130,1602.235,1691.747,1527.119,1547.971,5588157000,58099211000.000
20111230,1591.489,1608.848,1174.689,1221.722,3405775300,31575545000.000
20120131,1235.213,1309.971,1137.166,1296.248,3397420800,31648027000.000
20120229,1292.771,1504.641,1279.995,1453.752,6461734200,62718828000.000
20120330,1448.769,1566.198,1300.998,1314.120,7007472900,74731118000.000
20120427,1315.671,1444.469,1311.771,1361.760,3931373100,39119229000.000
20120531,1365.830,1408.758,1292.809,1355.716,4774480400,47811999000.000
20120629,1353.646,1366.219,1189.596,1216.069,2877980700,25823375000.000
20120731,1229.747,1243.715,1053.029,1056.056,3512272300,28624101000.000
20120831,1049.631,1162.660,1046.467,1085.442,4502307500,33733726000.000
20120928,1084.175,1185.314,1057.096,1119.857,5117655100,39610354000.000
20121031,1120.684,1208.696,1117.156,1149.564,5938868100,49788347000.000
20121130,1150.094,1179.348,960.544,975.326,3680803100,28563085000.000
20121231,973.960,1133.573,933.944,1131.723,6001565700,47653330000.000
20130131,1140.484,1242.507,1119.468,1237.333,7067968100,61524104000.000
20130228,1228.671,1289.788,1228.671,1267.212,5470967500,44614816000.000
20130329,1278.989,1317.727,1199.390,1208.183,6962679500,59840749000.000
20130426,1209.928,1221.640,1129.256,1140.316,3812423900,31561635000.000
20130531,1133.968,1292.257,1133.742,1275.404,5716128300,49741585000.000
20130628,1273.301,1280.056,1010.531,1070.632,4718368400,39216981000.000
20130731,1069.701,1153.593,1058.919,1105.588,7947092300,63282780000.000
20130830,1102.402,1202.399,1102.402,1182.084,8072223900,59221518000.000
20130930,1186.727,1241.561,1169.157,1210.797,6951263700,50485457000.000
20131031,1212.872,1276.041,1202.371,1239.069,7237659300,56235843000.000
20131129,1225.220,1289.591,1189.471,1284.439,9133013200,63199168000.000
20131231,1252.951,1270.518,1178.919,1208.781,8502485600,53445603000.000
20140130,1206.087,1208.421,1118.476,1166.831,5651112800,41359057000.000
20140228,1161.837,1326.169,1156.844,1270.366,10081446400,69473808000.000
20140331,1265.391,1310.846,1211.898,1236.450,12405474000,80965388000.000
20140430,1237.892,1292.625,1147.184,1173.999,8484109600,56244152000.000
20140530,1170.185,1207.757,1147.863,1180.380,5565606700,37455147000.000
20140630,1180.852,1230.938,1159.830,1230.938,6359253700,43254648000.000
20140731,1229.953,1377.027,1225.572,1376.712,11550822100,81622482000.000
20140829,1375.371,1486.050,1358.426,1447.334,15186977000,111685879000.000
20140930,1448.243,1600.293,1447.334,1599.585,15071582000,116527089000.000
20141031,1597.896,1616.367,1482.973,1580.445,9669729500,77716136000.000
20141128,1578.142,1627.278,1505.639,1619.693,12899340500,97682130000.000
20141231,1619.970,1664.585,1473.530,1498.285,31651952000,219082470000.000
20150130,1500.135,1660.578,1476.318,1604.999,23622378000,182822410000.000
20150227,1589.657,1732.331,1556.206,1732.331,14947437000,118394335000.000
20150331,1738.183,2040.333,1733.969,2026.049,32410576000,283999300000.000
20150430,2019.218,2551.208,2018.813,2503.894,45676815000,444105910000.000
20150529,2510.189,3279.712,2329.318,3025.531,35999010000,403745960000.000
20150630,3037.724,3865.944,2744.339,3060.799,38893976000,476349880000.000
20150731,3004.124,3121.249,1852.353,2543.223,45325816000,427146950000.000
20150831,2491.484,3112.756,1959.732,2203.956,27092032000,264470920000.000
20150930,2173.902,2249.454,1895.544,2016.169,15552430000,116681202000.000
20151030,2077.128,2396.244,2058.034,2362.518,19634276000,165416520000.000
20151130,2304.325,2674.465,2251.205,2452.126,26245637000,263582180000.000
20151231,2445.034,2688.214,2388.643,2654.550,18871582000,186038400000.000
20160129,2656.388,2656.388,1804.388,1885.090,14009768000,113211700000.000
20160229,1885.596,2216.728,1826.928,1918.106,11564308500,96530615000.000
20160331,1908.420,2308.920,1888.327,2288.834,20896520000,172403760000.000
20160429,2287.575,2563.385,2260.910,2478.479,19173250000,177114780000.000
20160531,2480.068,2587.147,2156.951,2300.082,13022626000,119781306000.000
20160630,2303.642,2437.640,2216.353,2422.496,12742015200,128156647000.000
20160729,2422.381,2581.000,2388.927,2444.545,14973300000,143934940000.000
20160831,2431.695,2623.050,2357.795,2594.532,13683403000,127773568000.000
20160930,2590.640,2690.210,2546.408,2684.516,16007094000,118811690000.000
20161031,2709.818,2841.236,2702.587,2784.375,13819322000,123963470000.000
20161130,2781.392,3079.027,2778.541,2950.107,20318400000,209397750000.000
20161230,2976.154,3041.115,2803.378,2993.498,21817234000,203117100000.000
20170126,2995.726,3104.717,2711.469,2902.176,15210175000,134209414000.000
20170228,2899.571,3070.574,2873.776,3049.112,16469091000,144908690000.000
20170331,3043.368,3092.767,2910.999,2929.528,20581870000,181232240000.000
20170428,2942.200,3015.012,2663.226,2798.993,13380364100,119429460000.000
20170531,2796.454,2818.182,2435.423,2517.909,11097304500,94439254000.000
20170630,2506.564,2612.520,2392.827,2609.971,11701767000,96055906000.000
20170731,2617.416,2862.637,2520.802,2862.147,24702103000,200506780000.000
20170831,2861.832,2912.616,2721.183,2877.569,26670097000,234606550000.000
20170929,2879.749,2958.627,2766.712,2780.276,16795073000,150364200000.000
20171031,2809.634,2828.511,2612.818,2649.760,8933903700,72192051000.000
20171130,2646.975,2662.039,2413.975,2474.478,14783011000,110880173000.000
20171229,2472.779,2509.743,2346.222,2408.539,12852544700,91837587000.000
20180131,2416.284,2542.431,2341.139,2347.579,21634999000,172476100000.000
20180228,2336.648,2342.852,1974.124,2168.194,10906051600,79469962000.000
20180330,2155.576,2274.005,2030.842,2179.038,11518190200,84113936000.000
20180427,2175.489,2224.490,2020.811,2033.962,9369103700,68807122000.000
20180531,2035.087,2240.317,1972.923,2005.532,16888996000,127991711000.000
20180629,1995.614,2041.383,1706.968,1825.360,10772466600,70153507000.000
20180731,1821.307,1880.790,1699.558,1864.899,12891184200,81512323000.000
20180831,1860.062,1875.369,1732.070,1749.576,15589031000,92722894000.000
20180928,1746.041,1767.969,1676.796,1747.168,10484885500,59429384000.000
20181031,1722.889,1743.412,1440.620,1562.947,12284521200,66711474000.000
20181130,1564.708,1728.309,1557.854,1611.689,14191893000,72350561000.000
20181228,1643.548,1682.419,1549.977,1556.354,9126779400,48465865000.000
20190131,1559.630,1641.160,1529.062,1544.156,11623119300,57376359000.000
20190228,1552.117,1851.981,1552.117,1833.454,15225758000,77205251000.000
20190329,1838.357,2091.078,1816.559,2034.046,33203432000,194081590000.000
20190430,2045.130,2316.852,1973.080,2004.781,36267174000,255220710000.000
20190531,1946.968,1972.466,1816.225,1879.206,17331860000,107878163000.000
20190628,1876.034,1906.311,1756.514,1862.565,14536000000,86743602000.000
20190731,1891.066,1926.523,1803.288,1809.266,14819409000,87406997000.000
20190830,1801.787,1813.083,1617.932,1689.315,10882749500,56867173000.000
20190930,1691.185,1852.705,1687.322,1730.114,12409289900,69600473000.000
20191031,1733.461,1804.650,1687.153,1688.397,7243164300,40133415000.000
20191129,1683.280,1708.628,1619.641,1673.178,7842843300,43785401000.000
20191231,1672.520,1798.147,1664.195,1790.423,11738574000,73922063000.000
20200123,1803.840,1893.648,1796.550,1816.174,13012487900,93181693000.000
20200228,1661.280,1938.942,1570.980,1790.606,27733538000,189695200000.000
20200331,1811.112,1937.051,1656.266,1686.118,24836557000,163485300000.000
20200430,1678.194,1790.731,1620.324,1674.993,17805735000,113968327000.000
20200529,1666.231,1720.960,1632.479,1662.860,9883426600,66923503000.000
20200630,1666.155,1758.868,1666.155,1741.437,12485030600,86377090000.000
20200731,1744.688,2060.097,1735.667,2059.590,40411247000,240335990000.000
20200831,2068.395,2154.164,2041.221,2103.176,44672221000,312336930000.000
20200930,2101.210,2116.119,1949.936,1959.609,29802067000,163391460000.000
20201030,1989.322,2070.896,1891.315,1894.642,14684681000,94061635000.000
20201130,1898.870,2154.564,1883.959,2048.383,27617162000,163085240000.000
20201231,2043.520,2073.933,1939.897,1986.948,24627634000,140549540000.000
20210129,1991.087,2022.797,1873.315,1941.715,27317020000,181871970000.000
20210226,1943.297,2275.466,1885.943,2203.577,33842865000,229335000000.000
20210331,2215.359,2303.636,2127.602,2195.785,47296293000,285004700000.000
20210409,2196.766,2313.444,2186.798,2298.765,9087904800,56312687000.000
