20070831,1002.494,1102.152,961.563,1102.152,1239092640,21596717000.000
20070928,1107.512,1119.080,1034.502,1068.261,851239150,15445040000.000
20071031,1076.476,1076.476,875.700,935.512,597221500,10185312400.000
20071130,941.407,941.407,858.562,891.961,504042640,7278298700.000
20071228,884.724,1100.192,884.724,1100.192,702804970,11184597700.000
20080131,1106.209,1188.842,979.131,980.630,1012650980,17408684000.000
20080229,976.089,1054.942,935.412,1030.678,435165360,7698930400.000
20080331,1026.141,1056.229,802.392,807.632,715040350,10186300700.000
20080430,805.838,805.838,612.920,728.917,1182555470,12272565000.000
20080530,734.327,785.204,672.637,676.471,1199809120,13178962600.000
20080630,676.030,682.105,490.024,511.940,843844930,7029250200.000
20080731,514.397,598.171,511.944,572.658,1891150700,14378681000.000
20080829,567.332,576.528,413.573,427.315,954253730,6745308800.000
20080926,423.961,427.128,347.226,369.492,890443670,4923482100.000
20081031,362.993,362.993,273.888,275.028,1033859230,4652055900.000
20081128,273.640,357.978,269.881,336.786,1895177100,8399923300.000
20081231,335.541,425.858,335.541,379.624,2974312000,15718788000.000
20090123,386.104,437.519,386.104,433.288,1736474900,9866204300.000
20090227,438.540,560.845,438.540,462.091,3733024200,23761863000.000
20090331,451.599,572.297,451.599,572.297,3294310300,20929667000.000
20090430,573.379,647.631,561.012,611.292,3732190000,26749065000.000
20090527,615.839,670.344,615.839,661.633,2751602500,21157742000.000
20090630,662.045,695.983,661.282,672.609,3072963700,24039912000.000
20090731,672.316,769.602,672.316,761.501,4204118900,34210062000.000
20090831,764.207,818.605,666.559,689.374,3960824000,39072667000.000
20090930,679.318,809.552,677.479,705.844,3351762100,34799921000.000
20091030,720.767,816.637,720.767,802.838,2314872300,24310205000.000
20091130,785.858,988.755,785.858,949.398,4129263400,43416858000.000
20091231,948.480,1038.238,945.387,1033.123,3696869500,41009126000.000
20100129,1035.852,1116.628,982.675,1009.383,3216456900,39770599000.000
20100226,1003.778,1054.567,973.732,1054.567,1850099900,25235800000.000
20100331,1056.894,1139.854,1040.480,1139.854,3012149900,39674362000.000
20100430,1140.991,1196.957,1035.699,1035.699,3493997200,47295415000.000
20100531,1014.033,1057.384,845.872,920.041,2060218100,23252384000.000
20100630,908.829,966.678,835.622,835.622,1760294500,18401462000.000
20100730,832.663,967.669,809.073,964.757,2566545100,24923882000.000
20100831,963.967,1073.576,963.967,1073.576,3574958600,38276316000.000
20100930,1073.518,1153.923,1060.694,1128.237,3275935000,39194804000.000
20101029,1136.911,1207.617,1104.198,1207.617,3358863300,44986833000.000
20101130,1212.078,1311.055,1200.717,1244.611,5067926700,68766261000.000
20101231,1239.537,1282.774,1147.743,1198.401,2885862900,42471271000.000
20110131,1203.105,1225.912,1024.896,1087.660,1417040800,18984876000.000
20110228,1086.189,1180.335,1038.400,1180.069,1640189600,21179988000.000
20110331,1182.150,1247.483,1154.095,1156.771,2866355900,39585536000.000
20110429,1157.153,1218.045,1102.167,1121.927,2562928500,36154233000.000
20110531,1122.639,1171.286,1027.922,1061.506,3057863900,34056283000.000
20110630,1060.027,1120.474,1024.216,1115.714,2589598000,26870901000.000
20110729,1121.459,1225.736,1114.265,1189.307,3534443600,45584556000.000
20110831,1186.593,1212.350,1061.027,1172.645,3398908800,44681766000.000
20110930,1171.555,1180.680,978.105,991.058,2321311200,28612026000.000
20111031,993.917,1069.090,942.381,1044.031,1891679300,20340145000.000
20111130,1034.502,1112.060,1001.450,1011.322,2959804300,34497384000.000
20111230,1036.068,1046.761,766.930,806.574,2125588700,21938540000.000
20120131,815.928,827.368,729.402,776.308,1911975500,17053770000.000
20120229,775.220,930.873,768.484,904.012,4163128200,36079706000.000
20120330,895.232,962.430,836.358,844.336,4484134700,42685930000.000
20120427,846.752,921.342,844.892,874.530,2925751900,26938832000.000
20120531,879.995,916.195,849.223,894.438,4777877600,40880372000.000
20120629,892.567,900.844,807.417,829.937,2888764900,21880321000.000
20120731,833.516,848.207,742.159,747.292,2940595000,23085888000.000
20120831,741.521,808.051,741.521,757.316,3471740300,26654358000.000
20120928,756.085,817.549,713.981,748.357,3161627300,25556213000.000
20121031,749.396,771.654,726.546,731.503,2158731800,15109168000.000
20121130,732.508,749.225,643.566,657.050,3660523100,22026271000.000
20121231,652.779,772.547,624.711,772.470,5376656600,38067975000.000
20130131,775.460,817.805,758.191,804.175,4563927500,37228216000.000
20130228,804.175,827.647,788.308,824.998,3206686200,27091577000.000
20130329,824.998,844.311,795.775,810.110,5034187000,39663318000.000
20130426,805.750,818.808,755.491,782.259,3901003700,31575734000.000
20130531,778.869,875.556,774.683,867.412,4995562500,44663260000.000
20130628,865.801,870.516,673.982,730.888,2842674200,22960208000.000
20130731,730.319,825.302,727.391,808.771,5219939900,43651166000.000
20130830,806.820,934.616,805.791,911.785,5642749500,48196664000.000
20130930,909.693,994.151,902.427,990.686,5711568400,53752434000.000
20131031,987.773,1067.381,961.622,1005.152,5123138400,52789814000.000
20131129,1001.747,1094.375,978.196,1093.864,4797954500,53720599000.000
20131231,1056.557,1099.856,1004.445,1094.088,4694514400,52759713000.000
20140130,1093.134,1242.804,1060.161,1234.119,5001278000,63849289000.000
20140228,1228.000,1389.901,1225.315,1315.705,5758533100,79478648000.000
20140331,1313.489,1348.380,1220.306,1230.495,4969101800,60181215000.000
20140430,1225.088,1301.921,1162.692,1205.612,4331856600,49562139000.000
20140530,1204.300,1259.257,1176.795,1235.047,3368673900,42215062000.000
20140630,1234.938,1308.311,1213.405,1308.153,3284831600,40780930000.000
20140731,1305.168,1388.946,1300.898,1387.515,4137431700,51563247000.000
20140829,1379.927,1486.834,1364.144,1447.687,4798851800,61361090000.000
20140930,1448.994,1647.616,1448.060,1645.785,6075086900,76796620000.000
20141031,1643.889,1664.919,1535.481,1621.138,4801289900,56453675000.000
20141128,1620.401,1773.306,1596.879,1760.180,5954940200,74402753000.000
20141231,1752.887,1792.223,1517.179,1549.821,7355584500,85334262000.000
20150130,1547.541,1851.653,1523.646,1822.026,5225187700,67052108000.000
20150227,1816.403,2051.971,1804.413,2050.799,4906282100,62858080000.000
20150331,2064.129,2730.354,2054.037,2710.842,10630786000,158404410000.000
20150430,2709.087,3472.297,2705.739,3435.852,11501973400,189318860000.000
20150529,3464.360,5622.391,3342.322,5231.713,12620510600,266969430000.000
20150630,5276.182,6213.423,3994.155,4566.197,10717422800,283836450000.000
20150731,4487.094,4979.332,2776.031,4263.029,9296418400,193395010000.000
20150831,4185.331,5069.142,3405.662,3688.678,8589326000,182889990000.000
20150930,3589.934,3721.438,3095.980,3385.308,6845318400,117001356000.000
20151030,3482.280,4245.042,3452.031,4081.474,10273083800,166887280000.000
20151130,3915.694,5105.078,3900.568,4733.056,16727289000,298504100000.000
20151231,4701.765,5709.856,4446.702,5592.584,12490810800,250373040000.000
20160129,5580.369,5594.350,3346.181,3561.291,8880212000,174625740000.000
20160229,3538.906,4234.520,3432.471,3463.058,8031151500,130559231000.000
20160331,3459.837,4396.883,3394.741,4339.891,12139024200,198187860000.000
20160429,4318.192,4592.061,4130.656,4296.195,10761964000,184036910000.000
20160531,4301.390,4458.997,3796.016,4114.292,6958370800,111495964000.000
20160630,4117.698,4584.054,4072.809,4546.466,9427987300,166370980000.000
20160729,4550.146,4856.395,4517.162,4604.526,8593948000,147753300000.000
20160831,4583.038,4862.803,4478.276,4819.141,6780182200,120481468000.000
20160930,4820.663,4933.976,4727.816,4843.180,5864408900,99354232000.000
20161031,4854.827,5143.709,4838.567,5085.783,5085316400,101812738000.000
20161130,5077.740,5434.125,5077.740,5290.740,8867339300,191492930000.000
20161230,5283.850,5314.842,4791.603,4913.857,5960031200,113420273000.000
20170126,4926.923,5068.249,4374.207,4673.258,4799271200,83830515000.000
20170228,4680.105,4925.414,4658.933,4925.215,4604690600,85759990000.000
20170331,4914.058,5156.081,4844.530,4878.121,7329552500,155543910000.000
20170428,4885.905,4986.286,4316.432,4454.976,5338110700,109250355000.000
20170531,4445.308,4473.775,3917.322,4033.935,5305367300,98239542000.000
20170630,4004.293,4176.458,3799.179,4154.228,5681159700,98148702000.000
20170731,4153.992,4276.465,3822.020,3988.694,5846504500,93839870000.000
20170831,3987.852,4172.176,3888.475,4171.881,6389359800,94185548000.000
20170929,4171.199,4249.214,4080.055,4168.845,5891816900,99762225000.000
20171031,4205.119,4283.436,4090.743,4138.560,4457554800,76581327000.000
20171130,4136.526,4218.675,3824.592,3879.130,6108460800,95140191000.000
20171229,3874.385,3906.596,3685.504,3823.255,4439739500,71833863000.000
20180131,3822.882,3888.978,3702.791,3713.079,5414092100,87660328000.000
20180228,3691.090,3705.546,3206.662,3478.048,2757893900,42757855000.000
20180330,3468.062,3705.684,3367.900,3625.032,5042778500,81434758000.000
20180427,3630.635,3655.574,3348.678,3391.489,4094928500,57967125000.000
20180531,3378.856,3634.034,3351.451,3551.150,4617014600,74629742000.000
20180629,3559.139,3628.104,2919.056,3041.563,3516148900,59034302000.000
20180731,3031.608,3061.128,2804.052,2995.459,5612782200,66834840000.000
20180831,2994.513,3004.405,2684.458,2701.270,5291229900,55271364000.000
20180928,2692.185,2715.581,2552.496,2635.243,3649719000,38656951000.000
20181031,2606.507,2606.507,2212.412,2392.709,5282616800,51346506000.000
20181130,2411.698,2755.506,2406.896,2552.407,10581130500,93504206000.000
20181228,2612.368,2651.475,2467.962,2476.238,6469023200,60018171000.000
20190131,2479.631,2607.038,2391.962,2403.529,7275083800,66694271000.000
20190228,2409.201,2917.072,2409.201,2870.626,9285848400,81225341000.000
20190329,2881.424,3243.924,2856.569,3231.929,15635608000,161088470000.000
20190430,3250.500,3413.176,2946.772,2991.925,13653549000,140053620000.000
20190531,2902.722,2963.238,2746.823,2821.159,8674780100,73923751000.000
20190628,2816.169,2853.334,2652.138,2809.301,9484534200,68442469000.000
20190731,2841.102,2881.073,2649.167,2726.058,7333393000,59934210000.000
20190830,2705.875,2768.163,2529.101,2710.978,8693765900,73785062000.000
20190930,2709.058,2883.138,2705.350,2762.746,7465613800,76966403000.000
20191031,2767.862,2848.608,2702.393,2746.820,6189783300,62443181000.000
20191129,2730.487,2819.835,2702.216,2721.373,8337322600,83429000000.000
20191231,2724.156,2944.109,2706.020,2941.519,9794796600,97118941000.000
20200123,2953.534,3149.672,2880.995,2908.292,9198910700,94129566000.000
20200228,2642.704,2957.234,2451.771,2752.890,11476355500,118779279000.000
20200331,2764.856,3013.837,2590.076,2666.840,12211455400,117649327000.000
20200430,2656.484,2791.915,2531.472,2607.876,9789247300,88778030000.000
20200529,2571.901,2833.458,2567.725,2824.308,9785406500,89430898000.000
20200630,2848.897,2992.418,2828.944,2974.838,14119524000,127421757000.000
20200731,2976.108,3334.658,2975.502,3307.897,17947900000,191528370000.000
20200831,3337.816,3622.834,3336.070,3563.146,13133403200,157264890000.000
20200930,3557.103,3575.891,3198.601,3215.612,8279858500,107093428000.000
20201030,3250.085,3412.055,3247.896,3271.799,5612934600,79277353000.000
20201130,3276.555,3447.983,3271.063,3339.379,7107745900,104432528000.000
20201231,3341.597,3404.490,3002.239,3055.101,7429704500,93251254000.000
20210129,3053.556,3076.353,2815.309,2955.796,7085592300,95369896000.000
20210226,2944.144,3195.866,2930.139,3067.622,5646421100,94970569000.000
20210331,3074.613,3287.673,3069.995,3209.133,9611630400,147336370000.000
20210409,3214.769,3302.025,3193.354,3293.768,2202395900,32825662000.000
