20070831,1007.356,1153.854,949.978,1153.854,7014775400,110236017000.000
20070928,1163.416,1215.870,1099.941,1199.542,4752769600,73048903000.000
20071031,1220.152,1220.152,1012.758,1092.868,4011284600,57129939000.000
20071130,1094.809,1094.809,979.715,989.206,2967784100,37727918000.000
20071228,986.564,1231.814,986.564,1231.814,3382394700,43542458000.000
20080131,1236.110,1336.393,1097.121,1097.121,3787456500,58836363000.000
20080229,1094.040,1245.731,1044.542,1245.731,1999410800,29610939000.000
20080331,1245.056,1285.466,960.693,960.693,2954114700,38509387000.000
20080430,952.438,952.438,744.855,892.756,2825628800,32321255000.000
20080530,898.998,1011.779,864.594,898.252,5245581500,61284061000.000
20080630,892.527,911.175,672.038,688.747,1727705100,17365003000.000
20080731,691.864,841.169,675.961,796.688,3620522000,32541266000.000
20080829,790.732,806.290,626.293,658.578,1654818800,12696829700.000
20080926,657.550,659.271,564.113,609.288,1589447600,10266003800.000
20081030,604.188,604.188,519.142,546.340,1632169800,9431284300.000
20081128,541.709,776.593,534.141,728.154,6443902300,41672582000.000
20081231,726.106,848.660,726.106,742.076,6758103300,46109607000.000
20090123,755.039,898.448,755.039,898.448,4431502200,33461617000.000
20090227,905.008,1173.183,905.008,989.788,9609241300,85085042000.000
20090331,978.608,1238.105,978.608,1238.105,8305092400,79458275000.000
20090430,1245.274,1385.965,1234.427,1342.707,9282229300,97450607000.000
20090527,1350.254,1436.747,1325.412,1376.944,6854350400,69754659000.000
20090630,1386.158,1495.631,1384.848,1471.581,8091465600,86113123000.000
20090731,1464.851,1686.081,1464.851,1644.973,11677975100,134324520000.000
20090831,1648.231,1734.514,1351.175,1369.733,8037361200,93428736000.000
20090930,1358.601,1613.586,1346.693,1436.635,6021795100,64187503000.000
20091030,1455.190,1641.476,1455.190,1592.099,4550881700,54509630000.000
20091130,1567.080,1971.267,1567.080,1893.015,10416435300,141942800000.000
20091231,1899.564,2005.152,1819.942,1976.319,7233713100,108609945000.000
20100129,1989.135,2137.274,1915.333,1985.164,6601417300,103472299000.000
20100226,1994.386,2098.185,1933.000,2098.185,4611740200,64994936000.000
20100331,2098.654,2164.606,2025.682,2162.551,6438950600,99966468000.000
20100430,2163.771,2276.884,1946.699,1946.699,7364550900,117425517000.000
20100531,1907.891,1975.003,1661.375,1785.658,5021962700,70430466000.000
20100630,1766.684,1829.264,1613.826,1613.826,3754254300,48955321000.000
20100730,1608.458,1868.965,1553.933,1862.118,6117477000,77053078000.000
20100831,1861.505,2143.018,1851.033,2143.018,7853704100,109010655000.000
20100930,2145.637,2208.135,2050.182,2078.548,7043187500,104061917000.000
20101029,2092.597,2221.814,2019.565,2221.814,7593476300,114659080000.000
20101130,2227.265,2391.438,2144.665,2327.478,11903312000,193280400000.000
20101231,2322.411,2499.817,2211.153,2312.920,8470884900,146674790000.000
20110131,2320.734,2400.003,2099.533,2262.892,4934047700,82093484000.000
20110228,2267.955,2566.287,2233.688,2550.360,6485269500,110199920000.000
20110331,2551.892,2752.410,2520.079,2637.825,11446397100,203983400000.000
20110429,2638.275,2763.884,2465.500,2529.168,7222206400,121195697000.000
20110531,2533.338,2633.805,2226.099,2297.910,6436461700,95715794000.000
20110630,2296.483,2578.615,2253.949,2541.769,9496788900,135926320000.000
20110729,2555.428,2743.807,2473.136,2494.517,11282568500,174048350000.000
20110831,2494.278,2568.442,2216.683,2377.845,8021843400,117876092000.000
20110930,2380.049,2399.648,2017.377,2043.404,5757205800,76261972000.000
20111031,2050.998,2185.069,1943.469,2164.722,5208862700,70203805000.000
20111130,2142.061,2233.116,1943.508,1962.504,7280608900,93285753000.000
20111230,2016.947,2041.091,1546.625,1615.906,5953628200,63337918000.000
20120131,1628.824,1669.583,1447.333,1619.827,5334496700,54822797000.000
20120229,1612.935,1905.672,1588.679,1842.775,10530935600,117703623000.000
20120330,1833.170,1966.371,1651.865,1666.925,8684592500,100005590000.000
20120427,1668.480,1887.030,1668.480,1803.317,7568202200,82848042000.000
20120531,1814.644,1899.616,1733.958,1885.372,9329616200,104310291000.000
20120629,1882.681,1890.547,1621.633,1661.932,5492104100,58993273000.000
20120731,1671.919,1693.485,1433.991,1472.483,5543741600,54453103000.000
20120831,1462.557,1587.053,1431.385,1458.760,6546099700,54617181000.000
20120928,1455.275,1654.560,1452.772,1542.339,9618212100,79822332000.000
20121031,1544.734,1612.023,1512.009,1527.448,6946390200,53561313000.000
20121130,1526.480,1576.556,1317.640,1357.050,5961349300,44116356000.000
20121231,1358.407,1639.097,1302.316,1633.211,13826334000,115295629000.000
20130131,1643.063,1733.033,1606.767,1705.258,12473272000,116653021000.000
20130228,1703.742,1782.268,1683.134,1743.736,8601344600,78471234000.000
20130329,1741.992,1757.894,1591.330,1606.239,10968844100,96460296000.000
20130426,1600.456,1656.422,1537.690,1539.167,8379148800,78839296000.000
20130531,1529.559,1714.522,1527.283,1689.049,11195654700,100370590000.000
20130628,1686.316,1699.521,1282.087,1367.628,6857541500,61381126000.000
20130731,1360.933,1444.936,1310.014,1411.419,8533730300,69042023000.000
20130830,1423.775,1553.292,1418.895,1537.242,9661329400,77968577000.000
20130930,1540.191,1627.912,1513.816,1533.929,8577934900,67567098000.000
20131031,1532.888,1607.053,1443.885,1506.694,8038273300,65245548000.000
20131129,1497.297,1611.751,1452.940,1609.092,7724803300,62478751000.000
20131231,1571.787,1637.409,1487.336,1538.811,7598533500,67155876000.000
20140130,1538.576,1544.228,1397.079,1476.391,5844967300,48188910000.000
20140228,1468.842,1598.838,1463.009,1495.657,6771832700,57652695000.000
20140331,1495.186,1586.981,1453.296,1529.330,9012627600,73220346000.000
20140430,1525.574,1616.600,1459.860,1496.235,8928738200,78248064000.000
20140530,1492.664,1533.945,1463.071,1518.983,6433311300,47931409000.000
20140630,1519.834,1579.466,1496.719,1578.027,6750084500,53665566000.000
20140731,1577.455,1701.434,1572.879,1701.406,11308473600,90717605000.000
20140829,1695.539,1823.293,1682.488,1785.250,13836692000,111934464000.000
20140930,1790.574,2034.959,1789.667,2034.959,16030818000,134960220000.000
20141031,2042.278,2082.549,1923.034,2066.107,11790671300,110782633000.000
20141128,2068.952,2153.756,1996.431,2147.009,15764003000,148765240000.000
20141231,2158.664,2323.543,2103.343,2190.820,24740621000,253311520000.000
20150130,2203.788,2310.707,2084.347,2259.085,13904188000,152525930000.000
20150227,2238.612,2387.127,2172.761,2386.231,7795056700,85019428000.000
20150331,2404.344,2993.084,2402.717,2958.893,25523934000,311240360000.000
20150430,2956.875,3482.257,2956.561,3368.728,29664376000,427103930000.000
20150529,3368.893,4508.020,3110.172,4161.601,29599760000,460764910000.000
20150630,4189.708,5140.642,3191.268,3661.080,35254872000,604699340000.000
20150731,3601.085,3737.549,2147.106,3242.781,33534727000,399477290000.000
20150831,3209.812,4152.426,2609.360,2940.121,30390508000,389816480000.000
20150930,2893.987,2969.713,2471.221,2778.024,20121882000,209333400000.000
20151030,2861.268,3289.499,2834.398,3200.339,23450194000,284644680000.000
20151130,3114.463,3778.235,3086.653,3440.125,29052544000,370869850000.000
20151231,3432.136,3946.286,3406.786,3806.264,22794926000,313724060000.000
20160129,3819.770,3820.138,2591.827,2708.192,16713276000,197148560000.000
20160229,2697.497,3179.884,2615.270,2699.780,12754502000,148055570000.000
20160331,2702.006,3259.946,2677.661,3231.978,20628601000,215484470000.000
20160429,3218.159,3445.743,3166.841,3277.900,15653864000,185075240000.000
20160531,3271.935,3397.447,2862.599,3121.015,11132296800,129145806000.000
20160630,3120.096,3288.912,2982.147,3280.733,12393027000,153502810000.000
20160729,3285.251,3539.644,3263.469,3347.556,15780926000,196988190000.000
20160831,3335.866,3677.418,3255.341,3647.399,17653735000,188510680000.000
20160930,3645.546,3831.549,3585.533,3750.866,13844873000,175615980000.000
20161031,3776.487,4023.481,3758.887,3994.962,11979954600,156002160000.000
20161130,4009.653,4319.006,4009.653,4170.196,23030298000,332060630000.000
20161230,4172.550,4278.072,3965.580,4155.987,17834970000,238505010000.000
20170126,4156.389,4241.904,3694.989,4104.867,13987520000,159346090000.000
20170228,4109.270,4551.240,4077.958,4409.632,25090111000,289782240000.000
20170331,4412.131,4636.599,4306.289,4346.574,26674690000,349782630000.000
20170428,4458.944,4767.970,4070.978,4228.592,25320935000,371282360000.000
20170531,4233.639,4390.527,3743.109,3859.829,22144093000,333243370000.000
20170630,3831.218,4109.558,3638.977,4063.156,19329765000,251297010000.000
20170731,4074.526,4226.181,3873.392,4178.415,24547052000,303168250000.000
20170831,4172.948,4374.953,4127.547,4366.862,25743427000,345956740000.000
20170929,4370.679,4542.328,4316.951,4380.902,21464496000,279696850000.000
20171031,4420.404,4501.770,4206.731,4258.315,13020822200,177876160000.000
20171130,4255.210,4264.530,3824.804,3994.611,17007145000,229519150000.000
20171229,3986.092,4015.059,3757.762,3854.463,13226741300,176677370000.000
20180131,3861.456,4099.997,3803.002,3812.453,19719645000,278248150000.000
20180228,3810.670,3824.201,3213.470,3549.759,10148988300,138525780000.000
20180330,3526.650,3851.793,3362.147,3673.200,19793931000,267803720000.000
20180427,3669.778,3692.044,3349.933,3380.659,13794171000,176383320000.000
20180531,3378.707,3529.865,3191.462,3249.557,13987719000,178785630000.000
20180629,3238.180,3323.380,2822.372,2906.848,11091263800,128397299000.000
20180731,2907.762,3114.024,2707.987,3049.549,15377075000,169487150000.000
20180831,3056.843,3096.184,2740.000,2801.454,17191094000,174004250000.000
20180928,2798.187,2825.371,2624.609,2714.076,9650876600,92534886000.000
20181031,2672.996,2672.996,2259.587,2465.014,11094297600,103572769000.000
20181130,2489.599,2776.138,2470.545,2563.483,16104572000,138594500000.000
20181228,2615.252,2683.867,2435.955,2448.546,10686414200,92485703000.000
20190131,2467.871,2582.979,2367.205,2409.662,11564248100,100365440000.000
20190228,2425.401,2906.851,2425.401,2888.388,14163614000,125769623000.000
20190329,2900.034,3314.996,2899.859,3265.564,33785275000,331872500000.000
20190430,3286.187,3531.894,3081.775,3117.562,26818835000,295866530000.000
20190531,3022.279,3041.355,2835.148,2936.318,12372726000,126649633000.000
20190628,2940.420,3020.639,2770.754,2976.935,11030673000,110146347000.000
20190731,3021.224,3061.781,2885.825,2912.192,11596177600,123079286000.000
20190830,2901.664,2909.177,2639.710,2817.964,10046243700,99844948000.000
20190930,2827.037,3046.831,2824.416,2893.139,11294730000,113467760000.000
20191031,2888.751,3071.286,2888.751,2929.631,9739874200,100783546000.000
20191129,2925.015,3047.982,2906.694,2987.863,11938114200,134539680000.000
20191231,3001.022,3379.044,2991.774,3365.153,16118096000,170799350000.000
20200123,3387.297,3538.283,3275.136,3300.364,14244475000,158842750000.000
20200228,2978.318,3523.323,2798.707,3329.635,23253604000,253605520000.000
20200331,3361.308,3757.703,3220.552,3373.074,28173214000,340129910000.000
20200430,3365.804,3708.925,3343.119,3613.373,18550721000,238265830000.000
20200529,3589.019,3782.727,3584.512,3721.116,15364498000,199609760000.000
20200630,3742.992,3836.763,3683.262,3784.086,15517768000,209225050000.000
20200731,3790.949,4592.713,3784.184,4568.192,35856752000,485564030000.000
20200831,4615.646,4905.836,4480.648,4684.893,26182873000,378166430000.000
20200930,4672.358,4703.379,4262.855,4303.549,17470255000,230865950000.000
20201030,4389.310,4547.792,4167.573,4170.142,11365485900,169097500000.000
20201130,4181.266,4528.750,4171.025,4309.277,20917929000,292031420000.000
20201231,4302.115,4379.032,4035.971,4125.771,18266309000,235370530000.000
20210129,4133.435,4176.020,3897.660,3934.863,16556450000,284816180000.000
20210226,3928.387,4380.909,3889.164,4217.693,12361697600,208092830000.000
20210331,4241.117,4530.456,4136.831,4477.691,23311737000,326293620000.000
20210409,4473.440,4611.074,4447.975,4574.652,5534154800,72130272000.000
