20070831,1012.423,1095.081,968.771,1095.081,4392527200,66377844000.000
20070928,1104.031,1122.914,1035.147,1122.197,3264679200,53836888000.000
20071031,1145.778,1145.778,980.991,1069.870,2140384600,37042616000.000
20071130,1071.256,1071.256,924.994,940.734,1346485300,19738024000.000
20071228,936.275,1158.905,936.275,1148.718,7956590100,83409538000.000
20080131,1150.199,1190.477,983.874,983.874,4427421100,59126131000.000
20080229,987.066,1092.041,937.104,1092.041,2256151800,29752336000.000
20080331,1087.258,1135.265,876.847,877.375,7874727300,85404982000.000
20080430,873.566,873.566,672.140,810.382,6816700900,67620293000.000
20080530,818.458,879.494,790.607,817.984,6254377200,64402166000.000
20080630,818.309,829.103,641.752,647.983,2741927900,22802321000.000
20080731,647.031,769.693,633.923,730.802,4445515600,34006646000.000
20080829,724.046,733.609,587.482,609.209,2320106000,16698480000.000
20080926,604.686,611.492,550.065,592.156,2264202700,15098029000.000
20081030,593.041,593.041,515.129,546.022,3707194700,22797233000.000
20081128,541.330,768.130,535.898,683.465,8989849700,61679733000.000
20081231,681.984,795.526,681.984,706.349,8022044600,59272261000.000
20090123,716.704,815.946,716.704,808.385,4688167900,35459341000.000
20090227,815.815,1023.041,815.815,863.652,11950771200,96770699000.000
20090331,852.038,1049.695,852.038,1049.695,8523195100,71024989000.000
20090430,1052.420,1183.704,1052.420,1118.545,9946202300,86767115000.000
20090527,1122.686,1202.021,1122.686,1174.570,7882777200,68636846000.000
20090630,1182.242,1268.799,1182.242,1264.840,10715071600,96463693000.000
20090731,1261.898,1527.681,1261.898,1494.734,16547360000,158512370000.000
20090831,1503.894,1519.110,1225.756,1229.299,18107416000,147159050000.000
20090930,1224.405,1453.515,1224.405,1288.648,14784786000,110417364000.000
20091030,1311.335,1466.305,1311.335,1397.417,13142415100,91257968000.000
20091130,1373.947,1653.534,1373.947,1598.255,24085690000,178975930000.000
20091231,1594.245,1677.601,1519.063,1643.095,19354512000,152581340000.000
20100129,1648.918,1740.680,1551.163,1574.950,14788439000,122959005000.000
20100226,1576.704,1697.057,1555.870,1692.659,7496480100,67864726000.000
20100331,1698.185,1840.329,1679.224,1840.329,12565796100,122378703000.000
20100430,1840.133,1903.898,1621.157,1621.157,11720191400,111454018000.000
20100531,1591.419,1642.226,1364.995,1496.190,8880787500,71317023000.000
20100630,1476.769,1557.086,1370.716,1370.716,6716910000,56762700000.000
20100730,1367.743,1611.041,1346.474,1607.185,10496392300,80212139000.000
20100831,1605.733,1862.323,1605.733,1862.323,10921981100,100943544000.000
20100930,1863.642,1914.046,1791.660,1842.904,9001993100,90625691000.000
20101029,1859.968,2035.759,1859.968,2035.759,15700907000,130802920000.000
20101130,2038.913,2252.464,2029.340,2141.819,18834951000,184035150000.000
20101231,2134.561,2286.036,2037.371,2150.961,12012810400,123197148000.000
20110131,2157.355,2224.628,1927.063,2151.442,12314334900,112973392000.000
20110228,2145.850,2313.682,2116.564,2313.682,11369517800,116478125000.000
20110331,2315.106,2354.210,2222.138,2226.010,13372659000,140170040000.000
20110429,2229.093,2301.385,2053.798,2095.159,12275375600,105555125000.000
20110531,2096.973,2157.238,1871.773,1919.724,6818537400,60095269000.000
20110630,1917.402,2071.008,1863.112,2065.554,9220757000,78287620000.000
20110729,2071.829,2240.106,2063.159,2126.455,10423003500,110194536000.000
20110831,2121.018,2170.742,1890.958,2039.788,8869402800,89783871000.000
20110930,2043.004,2062.356,1699.289,1747.360,5200443800,44265215000.000
20111031,1754.222,1898.930,1672.823,1856.029,10272808800,65688653000.000
20111130,1839.478,1935.813,1713.777,1730.092,9634325800,73219351000.000
20111230,1776.925,1798.737,1422.727,1484.161,6092379300,42252863000.000
20120131,1496.521,1541.372,1356.240,1473.046,6057075300,35465025000.000
20120229,1467.089,1719.454,1460.259,1650.597,10932070100,73143407000.000
20120330,1642.513,1790.545,1561.163,1579.286,12425784400,97932611000.000
20120427,1578.558,1730.658,1577.530,1680.772,9981028000,70572435000.000
20120531,1701.511,1826.657,1659.684,1803.235,13336286800,101860961000.000
20120629,1802.237,1809.835,1630.847,1663.886,8632080900,66000141000.000
20120731,1668.714,1694.062,1522.276,1531.080,8425599000,61898940000.000
20120831,1528.992,1674.961,1483.233,1507.416,8508398600,60555798000.000
20120928,1506.367,1700.171,1497.160,1568.456,9798411600,65064004000.000
20121031,1568.646,1616.601,1519.713,1547.645,7338842300,46829204000.000
20121130,1547.645,1587.088,1354.794,1389.406,8377175000,51309439000.000
20121231,1385.237,1663.114,1359.752,1656.061,17806188000,109534227000.000
20130131,1666.349,1735.148,1619.657,1685.121,15932335000,107290998000.000
20130228,1680.457,1783.277,1673.157,1723.542,11382246700,75856614000.000
20130329,1706.306,1732.766,1562.279,1608.940,11395363000,82632142000.000
20130426,1602.057,1665.334,1542.881,1571.332,8520272700,65814530000.000
20130531,1571.392,1783.900,1558.935,1758.317,12016925800,95704790000.000
20130628,1758.371,1761.826,1330.488,1446.242,9237421500,65617729000.000
20130731,1440.749,1514.754,1390.605,1431.979,12957561100,90880979000.000
20130830,1441.298,1588.007,1439.711,1568.798,14354674000,100432055000.000
20130930,1571.691,1651.306,1542.359,1554.876,16044500000,108656174000.000
20131031,1550.882,1639.871,1464.828,1516.372,12165757200,84155664000.000
20131129,1512.339,1587.605,1457.971,1586.629,11213913300,76180576000.000
20131231,1553.119,1602.057,1477.289,1524.402,11873812000,85826149000.000
20140130,1522.242,1527.450,1373.999,1424.243,8102462900,58834874000.000
20140228,1416.454,1540.649,1410.912,1455.697,10434167400,77768715000.000
20140331,1457.267,1497.864,1411.948,1421.857,12597514000,89939440000.000
20140430,1422.169,1498.401,1369.637,1407.108,14210284000,88632676000.000
20140530,1406.511,1438.770,1376.378,1422.901,9591061300,63476542000.000
20140630,1420.598,1462.199,1386.035,1459.393,8502664900,59038688000.000
20140731,1459.419,1585.493,1456.432,1585.493,17514350000,103555725000.000
20140829,1587.625,1702.687,1578.905,1649.190,18333571000,118465203000.000
20140930,1650.258,1852.226,1648.836,1850.516,29451769000,184064690000.000
20141031,1863.891,1938.065,1787.773,1912.136,33929207000,197372880000.000
20141128,1914.316,2066.881,1907.539,2061.926,58608244000,372443390000.000
20141231,2061.093,2378.079,1968.392,2283.170,118655359000,936940790000.000
20150130,2291.430,2429.619,2143.006,2360.356,60758573000,568771990000.000
20150227,2330.014,2615.381,2297.340,2614.733,33260972000,325473820000.000
20150331,2638.805,3326.107,2621.833,3272.035,92855738000,1036774200000.000
20150430,3282.208,4092.806,3271.779,4037.563,127481248000,1789628400000.000
20150529,4045.307,5449.553,3614.744,5010.151,102208701000,1538339400000.000
20150630,5067.810,6040.912,3688.088,4273.238,92988555000,1413141100000.000
20150731,4219.713,4450.369,2710.739,3822.060,93507657000,1049940060000.000
20150831,3780.078,4571.865,2870.719,3213.710,61993244000,717907850000.000
20150930,3149.864,3227.730,2722.142,2949.693,37604565000,373661620000.000
20151030,3056.822,3625.180,3034.379,3538.142,35495557000,399691400000.000
20151130,3452.729,4166.220,3429.765,3838.454,46664219000,562159700000.000
20151231,3832.422,4253.052,3665.460,4186.542,33635825000,404366720000.000
20160129,4200.937,4217.970,2824.333,2981.676,27894416000,302482690000.000
20160229,2971.658,3507.406,2877.670,2943.852,21611344000,242579680000.000
20160331,2945.125,3666.389,2901.842,3631.376,32236571000,369404010000.000
20160429,3623.573,3940.742,3571.821,3649.608,23923082000,306341170000.000
20160531,3652.599,3831.085,3274.128,3526.686,19262458000,225624080000.000
20160630,3535.886,3820.617,3408.286,3773.544,20696063000,254792470000.000
20160729,3786.433,4125.114,3767.663,3870.227,30264087000,352632100000.000
20160831,3850.344,4304.586,3752.088,4278.538,40158685000,423859310000.000
20160930,4274.973,4501.355,4196.866,4303.483,32650577000,362871990000.000
20161031,4325.248,4633.952,4314.415,4546.340,34549257000,389844830000.000
20161130,4547.542,4965.367,4544.661,4825.426,64720460000,748373020000.000
20161230,4825.707,4880.027,4349.023,4493.332,48491304000,549129460000.000
20170126,4496.231,4595.444,4011.892,4310.254,26439958000,294395660000.000
20170228,4314.653,4615.220,4287.823,4589.553,34604865000,398294680000.000
20170331,4593.957,4951.712,4536.697,4656.070,45381940000,579782100000.000
20170428,4721.960,4920.131,4264.929,4440.921,49813504000,587089790000.000
20170531,4441.193,4508.224,3874.387,4082.674,39692691000,460247400000.000
20170630,4054.896,4320.463,3897.595,4237.199,36456914000,415386440000.000
20170731,4243.821,4303.631,3880.765,4063.365,34419940000,372715480000.000
20170831,4066.659,4404.573,3961.954,4391.880,34863164000,415734880000.000
20170929,4391.514,4497.413,4309.733,4346.165,31568980000,385193810000.000
20171031,4396.663,4513.076,4306.479,4381.574,20788794000,269550590000.000
20171130,4384.418,4427.179,3896.143,3940.361,28684601000,349277950000.000
20171229,3935.028,3973.873,3710.965,3813.349,17288974000,198946110000.000
20180131,3814.688,3946.353,3727.374,3738.531,32341701000,360323370000.000
20180228,3728.790,3740.248,3145.478,3444.521,18589372000,177828160000.000
20180330,3423.869,3648.320,3239.121,3585.530,20830852000,217065850000.000
20180427,3584.052,3598.434,3345.653,3364.190,14676395000,155859630000.000
20180531,3366.399,3505.139,3204.853,3259.111,18076772000,177700710000.000
20180629,3248.498,3274.071,2779.300,2876.359,15945676000,130290779000.000
20180731,2869.995,3036.283,2670.344,2953.974,25274083000,182186380000.000
20180831,2969.613,3000.785,2697.251,2712.123,27185260000,199915920000.000
20180928,2702.591,2724.133,2568.208,2671.442,19690793000,139659540000.000
20181031,2635.330,2635.330,2240.669,2438.673,20201735000,136023320000.000
20181130,2455.630,2731.514,2439.491,2540.265,31784883000,206814470000.000
20181228,2592.135,2678.576,2459.433,2493.734,24894462000,183732090000.000
20190131,2511.480,2626.214,2404.589,2418.779,25690982000,186175880000.000
20190228,2427.028,2944.830,2427.028,2890.401,33022047000,233252410000.000
20190329,2896.518,3263.095,2869.729,3163.907,68407055000,512268180000.000
20190430,3176.929,3362.522,2934.118,2975.690,59097300000,455363850000.000
20190531,2882.737,2882.737,2693.916,2778.903,27108247000,177281700000.000
20190628,2781.602,2873.458,2636.538,2791.381,22939571000,164410840000.000
20190731,2832.623,2854.949,2630.498,2690.315,19511492000,130483265000.000
20190830,2678.659,2689.136,2473.024,2608.203,17846999000,119449668000.000
20190930,2606.595,2804.186,2605.473,2621.764,23009503000,161510940000.000
20191031,2623.524,2714.517,2592.072,2595.520,16576842000,106314323000.000
20191129,2590.350,2641.239,2499.535,2526.898,21650835000,151148110000.000
20191231,2530.755,2653.259,2509.698,2639.256,23135488000,151662140000.000
20200123,2655.853,2742.617,2553.440,2573.939,22795080000,147348830000.000
20200228,2323.732,2643.230,2159.566,2491.917,38839974000,228524110000.000
20200331,2515.050,2836.187,2443.325,2529.731,62657029000,391042300000.000
20200430,2522.593,2693.102,2471.993,2544.876,37776246000,237202230000.000
20200529,2532.156,2611.798,2500.015,2550.035,26600238000,181225090000.000
20200630,2552.537,2637.448,2529.445,2604.461,23137880000,155936210000.000
20200731,2608.072,3014.629,2604.008,2932.555,62168071000,410843900000.000
20200831,2948.365,3145.024,2948.297,3072.204,49116073000,353883920000.000
20200930,3068.118,3096.130,2807.058,2822.571,33622663000,228402910000.000
20201030,2849.490,2974.133,2786.798,2788.088,20713645000,146700380000.000
20201130,2794.316,2897.390,2770.912,2852.982,33460673000,219422330000.000
20201231,2849.456,2878.043,2570.049,2605.124,28141686000,172768610000.000
20210129,2603.837,2618.517,2400.452,2418.388,38345335000,225623630000.000
20210226,2405.547,2607.087,2332.289,2557.293,25474207000,150633970000.000
20210331,2561.553,2781.768,2561.553,2780.899,52061595000,327985880000.000
20210409,2781.472,2795.784,2738.954,2751.158,12688672800,86656504000.000
