20070831,1004.996,1148.793,973.293,1148.793,27296675000,492294260000.000
20070928,1160.876,1170.820,1059.667,1126.576,18110497000,338799450000.000
20071031,1145.459,1171.087,937.642,1058.804,12566062500,253574390000.000
20071130,1067.024,1067.024,912.294,923.868,9841744500,191659370000.000
20071228,919.538,1073.521,919.538,1073.521,13092400400,246598840000.000
20080131,1077.833,1149.052,939.710,953.268,13800552000,260724580000.000
20080229,951.879,1037.183,912.647,1019.690,7337568100,131697997000.000
20080331,1016.172,1045.700,819.161,880.005,13080844800,214955010000.000
20080430,874.932,874.932,609.137,750.323,14445164000,208439520000.000
20080530,761.438,779.356,683.767,688.901,15160955000,197935270000.000
20080630,685.512,694.887,522.521,529.776,6932142000,72820610000.000
20080731,529.923,657.693,513.149,612.793,19841711000,181256820000.000
20080829,606.635,625.747,475.342,502.657,9492724300,68199142000.000
20080926,498.287,498.287,425.422,473.974,9647039400,55281024000.000
20081030,473.806,474.374,411.759,432.423,14509885000,80717441000.000
20081128,430.790,552.616,417.117,489.311,22719487000,120208244000.000
20081231,485.238,604.413,485.238,510.784,32221810000,182800940000.000
20090123,518.561,593.656,518.561,589.336,14886396000,83382361000.000
20090227,593.509,794.238,593.509,665.549,45834002000,314638800000.000
20090331,657.498,867.756,657.498,867.756,40879475000,308923860000.000
20090430,871.637,984.744,856.604,948.392,38309463000,313283700000.000
20090527,951.314,1086.222,951.314,1058.213,34511662000,304951030000.000
20090630,1072.409,1261.508,1072.409,1251.747,40427286000,406589390000.000
20090731,1248.162,1531.369,1248.162,1436.075,58669142000,697022370000.000
20090831,1437.084,1446.924,1125.826,1125.826,35395436000,408179950000.000
20090930,1108.230,1364.640,1108.230,1180.639,31025989000,330137580000.000
20091030,1202.825,1433.181,1202.825,1357.089,26452837000,290655130000.000
20091130,1323.903,1637.432,1323.903,1561.052,48446644000,561390280000.000
20091231,1560.929,1657.274,1375.415,1484.150,37411228000,449977110000.000
20100129,1490.044,1506.703,1325.454,1340.058,31308665000,354689290000.000
20100226,1335.394,1447.603,1334.742,1447.603,18725709000,199330420000.000
20100331,1444.627,1541.760,1424.694,1541.760,31232656000,346256630000.000
20100430,1544.836,1594.759,1258.123,1258.123,33484985000,353033820000.000
20100531,1228.940,1236.398,1042.272,1123.154,27727291000,228376380000.000
20100630,1108.177,1197.875,1039.412,1039.412,21558553000,172636150000.000
20100730,1036.307,1270.667,1033.232,1270.667,32356871000,258052990000.000
20100831,1267.762,1379.385,1262.022,1339.389,37304329000,316359360000.000
20100930,1338.832,1359.204,1244.957,1292.208,25857963000,224523320000.000
20101029,1287.539,1391.534,1287.539,1367.632,34999859000,312863080000.000
20101130,1366.484,1459.483,1267.588,1273.941,39918287000,358263770000.000
20101231,1270.085,1358.518,1240.102,1271.245,30112597000,269676510000.000
20110131,1276.763,1350.501,1191.339,1230.179,24496351000,221078070000.000
20110228,1231.658,1351.537,1218.251,1343.247,23314447000,217158390000.000
20110331,1342.926,1483.276,1339.385,1422.849,43091830000,399398190000.000
20110429,1421.041,1514.614,1350.031,1392.757,28322465000,260485320000.000
20110531,1392.339,1479.432,1275.635,1305.849,24032250000,206565820000.000
20110630,1302.656,1388.541,1276.701,1384.476,21607734000,182259840000.000
20110729,1386.682,1474.123,1338.075,1358.459,23787682000,209716290000.000
20110831,1355.445,1504.498,1219.860,1334.576,24447473000,208014210000.000
20110930,1336.219,1341.374,1136.122,1147.148,14530492000,115194442000.000
20111031,1149.543,1205.776,1068.336,1185.921,16674445000,117696199000.000
20111130,1173.431,1232.655,1090.622,1101.494,21693934000,162197800000.000
20111230,1135.937,1157.235,918.527,960.710,15094687000,100544038000.000
20120131,966.753,1015.792,888.659,991.877,12568455900,85422506000.000
20120229,987.497,1220.642,980.049,1159.867,31424812000,221359410000.000
20120330,1154.096,1239.303,1072.863,1097.699,29355837000,216214510000.000
20120427,1094.103,1321.734,1091.474,1265.026,32539654000,224739130000.000
20120531,1273.463,1290.765,1195.108,1271.321,28993294000,221366090000.000
20120629,1268.680,1276.225,1141.594,1170.277,20583459000,160153750000.000
20120731,1175.482,1200.970,1025.223,1036.990,22198598000,161958200000.000
20120831,1033.501,1099.729,989.099,1009.844,20616158000,141446080000.000
20120928,1007.416,1078.335,979.986,1028.946,17663778000,115176172000.000
20121031,1028.209,1110.440,1016.785,1056.754,17835013000,111127725000.000
20121130,1057.810,1133.180,962.190,996.935,24631584000,157174540000.000
20121231,993.478,1204.759,962.879,1192.553,38136310000,259743100000.000
20130131,1200.561,1241.431,1154.493,1198.264,38163969000,286867600000.000
20130228,1199.462,1229.767,1152.030,1198.732,23005113000,180982640000.000
20130329,1193.337,1199.894,1088.354,1104.899,29997065000,220671740000.000
20130426,1105.001,1148.459,1074.701,1088.295,22450624000,163031460000.000
20130531,1086.365,1243.993,1082.874,1218.894,34217605000,256902890000.000
20130628,1219.186,1239.161,931.127,1024.314,22330407000,164520070000.000
20130731,1015.839,1111.127,996.984,1055.175,29825657000,207644290000.000
20130830,1053.957,1201.034,1052.554,1181.286,32816394000,214694870000.000
20130930,1182.696,1241.065,1140.454,1187.795,36082347000,249802860000.000
20131031,1188.567,1247.287,1110.921,1158.448,29110371000,198117740000.000
20131129,1152.716,1189.549,1117.614,1180.799,25870708000,169439940000.000
20131231,1159.321,1180.861,1092.569,1117.048,25399772000,167075970000.000
20140130,1115.171,1116.178,1015.234,1078.215,21458669000,134950540000.000
20140228,1073.284,1160.970,1053.446,1081.106,25117555000,163399600000.000
20140331,1079.070,1202.561,1055.468,1158.952,42553220000,276543310000.000
20140430,1155.192,1217.735,1086.341,1111.063,37223917000,254449210000.000
20140530,1106.617,1127.311,1071.201,1099.975,23732537000,159782520000.000
20140630,1099.132,1119.770,1064.649,1117.933,21376730000,136324390000.000
20140731,1116.843,1237.721,1114.901,1237.721,41135440000,262659890000.000
20140829,1233.418,1309.758,1219.846,1281.925,40820415000,268217020000.000
20140930,1280.392,1420.875,1278.630,1419.434,51408265000,359835760000.000
20141031,1440.226,1482.313,1371.993,1461.963,45749336000,324548910000.000
20141128,1467.195,1603.996,1423.280,1603.857,59855948000,455731190000.000
20141231,1604.422,1676.897,1508.847,1644.063,96320145000,860920010000.000
20150130,1656.872,1723.118,1509.627,1700.824,62568867000,639748780000.000
20150227,1673.668,1775.745,1608.290,1775.500,32086392000,338399940000.000
20150331,1801.868,2329.708,1785.891,2230.719,93238159000,1018604160000.000
20150430,2223.321,2765.298,2205.399,2735.611,113042828000,1413333600000.000
20150529,2759.880,3452.505,2474.734,3203.004,108725884000,1455849400000.000
20150630,3231.772,4071.841,2628.061,3028.024,130280200000,1954528700000.000
20150731,2980.566,3071.350,1707.989,2483.196,118201804000,1341881230000.000
20150831,2457.588,3057.650,1898.439,2137.528,97819292000,1134804020000.000
20150930,2119.932,2182.664,1831.103,1969.098,61867458000,605076820000.000
20151030,2039.701,2498.150,2023.211,2432.939,70139267000,756705380000.000
20151130,2368.110,2868.894,2334.327,2637.022,83770264000,978800590000.000
20151231,2634.828,3067.540,2621.068,2908.276,91864538000,1181638460000.000
20160129,2908.082,2908.228,1865.677,1966.632,56077106000,556977490000.000
20160229,1963.942,2278.045,1911.348,1986.921,42385897000,404595560000.000
20160331,2000.894,2326.175,1978.829,2305.279,76634560000,716256210000.000
20160429,2296.673,2450.239,2249.838,2321.648,45806359000,445198200000.000
20160531,2322.655,2400.166,2093.931,2218.873,32962217000,322661890000.000
20160630,2222.285,2270.648,2118.174,2269.147,34267951000,328712920000.000
20160729,2269.246,2396.569,2253.152,2287.293,47753573000,502840840000.000
20160831,2282.507,2649.292,2237.316,2526.282,76456773000,817739080000.000
20160930,2519.645,2548.497,2419.073,2527.687,42161138000,446730960000.000
20161031,2507.823,2591.435,2455.027,2568.545,36960352000,398361140000.000
20161130,2573.380,2718.124,2556.331,2655.628,53348691000,582147220000.000
20161230,2655.489,2691.021,2490.919,2541.923,40805242000,430351800000.000
20170126,2545.068,2591.201,2355.850,2485.661,24637003000,238105440000.000
20170228,2487.909,2589.523,2472.933,2561.051,27711663000,268055600000.000
20170331,2561.732,2619.276,2449.498,2461.717,35881930000,355190780000.000
20170428,2512.999,2700.352,2349.160,2438.342,58031043000,631395930000.000
20170531,2432.926,2439.604,2162.880,2265.896,43239230000,421476670000.000
20170630,2253.055,2363.646,2211.670,2331.367,46048987000,443183540000.000
20170731,2333.957,2344.655,2191.169,2335.528,41690602000,387980150000.000
20170831,2333.262,2405.398,2273.542,2398.425,42991932000,391950380000.000
20170929,2396.125,2569.815,2387.810,2413.874,46786532000,456195270000.000
20171031,2450.502,2455.205,2322.749,2349.194,21723538000,211584270000.000
20171130,2349.511,2363.945,2196.973,2232.529,33405519000,348206870000.000
20171229,2226.953,2246.220,2146.286,2186.065,25126167000,252324020000.000
20180131,2190.278,2444.452,2190.278,2333.224,70212748000,758277080000.000
20180228,2329.034,2336.867,1926.144,2090.391,33109141000,357698450000.000
20180330,2075.109,2168.861,1961.815,2106.903,39921048000,384910460000.000
20180427,2106.347,2130.587,1966.009,1990.734,26776498000,258328510000.000
20180531,1994.471,2061.506,1904.504,1926.559,26869008000,245986810000.000
20180629,1918.334,1942.411,1650.504,1692.477,25785565000,226187720000.000
20180731,1690.029,1708.219,1550.814,1688.023,27759471000,201687810000.000
20180831,1679.334,1681.916,1541.828,1563.925,27208919000,177639390000.000
20180928,1559.606,1590.407,1506.399,1545.235,25369282000,154021890000.000
20181031,1520.638,1520.638,1259.235,1429.144,29054214000,163629300000.000
20181130,1435.397,1635.287,1430.231,1512.056,40598849000,246447560000.000
20181228,1542.153,1559.047,1431.430,1446.327,25341731000,167314240000.000
20190131,1450.603,1506.233,1419.963,1426.228,27254076000,162766400000.000
20190228,1432.602,1737.788,1432.602,1716.070,37279525000,247819560000.000
20190329,1716.755,1937.988,1699.556,1906.797,73730414000,538825120000.000
20190430,1923.128,2063.967,1806.995,1836.174,66684719000,503873470000.000
20190531,1789.568,1789.568,1676.263,1703.358,33505875000,227380040000.000
20190628,1704.839,1742.039,1633.323,1703.497,25826695000,173889160000.000
20190731,1726.503,1788.467,1659.980,1661.319,33037415000,273040320000.000
20190830,1655.622,1657.088,1505.861,1588.483,27682328000,195351380000.000
20190930,1590.654,1696.794,1587.754,1594.564,29825636000,214039460000.000
20191031,1598.008,1691.568,1598.008,1611.606,25247712000,194698830000.000
20191129,1609.650,1644.369,1555.350,1590.858,30571551000,213043650000.000
20191231,1592.051,1713.922,1590.708,1713.922,35253245000,282328790000.000
20200123,1732.053,1752.479,1624.368,1633.738,29198885000,233856440000.000
20200228,1475.017,1658.780,1386.458,1563.208,48812776000,341216860000.000
20200331,1571.209,1740.212,1514.258,1548.880,59203538000,401296560000.000
20200430,1545.619,1613.003,1527.410,1605.840,34363626000,231601180000.000
20200529,1605.526,1639.289,1569.158,1612.909,33601611000,225592230000.000
20200630,1620.233,1719.461,1620.233,1719.410,41954589000,307789330000.000
20200731,1722.416,2050.693,1720.503,1915.734,92247897000,734056320000.000
20200831,1924.249,2027.788,1919.156,1966.422,56990296000,453934570000.000
20200930,1967.456,1967.569,1810.633,1819.367,44163376000,338652580000.000
20201030,1836.443,1897.251,1733.895,1735.114,21682814000,175813090000.000
20201130,1736.357,1833.778,1720.976,1803.787,33686314000,267431900000.000
20201231,1799.043,1840.205,1650.277,1681.158,34432543000,253795230000.000
20210129,1676.438,1716.996,1546.835,1555.792,44456897000,326994500000.000
20210226,1542.769,1720.915,1501.978,1660.457,34675968000,248172890000.000
20210331,1658.836,1701.996,1598.327,1658.592,46697897000,331765210000.000
20210409,1658.539,1705.906,1653.800,1686.045,9380300300,62422325000.000
