20070831,1007.120,1319.382,952.794,1300.521,11255629900,396125430000.000
20070928,1309.704,1529.744,1259.370,1529.744,7159459000,280085390000.000
20071031,1568.053,1625.400,1329.595,1420.559,5462546600,246329450000.000
20071130,1425.931,1425.931,1062.972,1062.972,5206764900,177770120000.000
20071228,1058.577,1308.372,1058.577,1295.049,4316686400,137010330000.000
20080131,1307.000,1420.092,1104.298,1104.298,4695823700,165505540000.000
20080229,1107.740,1234.870,1050.685,1200.481,2523203800,79364006000.000
20080331,1196.388,1245.712,870.562,870.562,3613516700,107960211000.000
20080430,865.431,865.873,642.845,795.815,7144247600,165123840000.000
20080530,809.632,870.944,724.796,725.578,9130790600,192589830000.000
20080630,723.101,739.969,559.606,562.746,3904869000,60622016000.000
20080731,561.440,678.378,551.819,633.415,9232705900,129993267000.000
20080829,629.246,635.235,459.673,476.899,4577752600,49163266000.000
20080926,471.811,471.811,405.529,421.815,3971348400,34432303000.000
20081030,414.064,414.064,340.380,354.154,4219837700,33989698000.000
20081128,352.503,474.573,345.264,403.024,7908481700,54064838000.000
20081231,402.026,504.132,402.026,430.002,13269993600,102417706000.000
20090123,442.305,527.418,442.305,520.300,8655425100,73215770000.000
20090227,529.127,733.891,529.127,617.040,23156011000,248417900000.000
20090331,599.112,859.455,599.112,840.834,25420474000,326304500000.000
20090430,846.559,933.845,801.310,838.496,20905371000,302018440000.000
20090527,847.302,970.238,847.302,949.367,18823393000,257557790000.000
20090630,970.042,1094.674,970.042,1094.674,24861164000,408852880000.000
20090731,1085.591,1458.689,1085.591,1432.800,35557151000,643597840000.000
20090831,1445.797,1488.022,1101.355,1101.355,21410941000,419389860000.000
20090930,1074.272,1381.031,1046.289,1153.459,22782500000,448651810000.000
20091030,1227.638,1384.970,1227.638,1289.974,14351997000,289035950000.000
20091130,1249.232,1498.806,1249.232,1424.959,21116779000,412788910000.000
20091231,1429.086,1522.948,1326.697,1451.554,15810230000,306411440000.000
20100129,1458.458,1522.297,1291.560,1302.312,11560444400,215165110000.000
20100226,1295.084,1353.791,1255.551,1342.687,5441767700,93816707000.000
20100331,1377.962,1385.995,1288.414,1375.710,9155509100,156686580000.000
20100430,1377.015,1495.507,1353.706,1353.706,13343214700,257604540000.000
20100531,1329.585,1374.842,1146.582,1267.985,12165487600,218748960000.000
20100630,1256.381,1307.877,1108.980,1108.980,8052933700,137430100000.000
20100730,1106.362,1268.519,1036.444,1268.519,11483723500,171275820000.000
20100831,1269.042,1474.110,1261.867,1474.110,14474928000,257465390000.000
20100930,1476.266,1648.544,1457.867,1648.544,17900168000,367588470000.000
20101029,1697.328,2122.145,1697.328,2081.629,33440628000,755804880000.000
20101130,2109.753,2275.696,1844.220,1882.481,33296607000,811129090000.000
20101231,1876.454,2025.478,1820.612,1991.770,18632216000,446079070000.000
20110131,2012.096,2058.049,1670.156,1804.482,12452711700,294576100000.000
20110228,1817.326,2036.261,1763.760,2032.027,12900984100,301975590000.000
20110331,2034.301,2166.830,1963.059,2139.471,21022709000,508584090000.000
20110429,2154.226,2271.702,1931.595,2008.647,17255493000,403307950000.000
20110531,2003.415,2022.914,1727.841,1773.080,10099973700,249880940000.000
20110630,1771.340,1925.017,1717.138,1878.899,10739022400,259950380000.000
20110729,1888.350,2062.446,1883.988,1946.830,16002981000,306738980000.000
20110831,1946.646,1978.857,1719.032,1847.339,13199615900,248414880000.000
20110930,1851.973,1860.311,1561.731,1578.688,7322386500,128750716000.000
20111031,1587.933,1724.849,1430.651,1603.329,6836732200,108769394000.000
20111130,1585.849,1684.888,1474.502,1493.355,8729025900,141818850000.000
20111230,1548.103,1571.380,1152.307,1215.827,6376244100,89712197000.000
20120131,1230.445,1430.587,1125.852,1379.983,8904333500,129648675000.000
20120229,1371.772,1580.158,1335.600,1534.095,14132530000,221646610000.000
20120330,1514.248,1619.154,1352.558,1366.254,13659091000,261941870000.000
20120427,1364.728,1502.605,1357.720,1471.011,7570616300,139887150000.000
20120531,1484.437,1551.345,1394.324,1488.540,12739722500,251047320000.000
20120629,1490.112,1507.100,1297.041,1344.664,7544578900,151330120000.000
20120731,1357.072,1368.587,1206.543,1207.795,6749074300,111667874000.000
20120831,1204.123,1338.040,1180.988,1199.308,8581056400,149101470000.000
20120928,1197.226,1357.575,1195.067,1281.328,12980022500,192618330000.000
20121031,1276.739,1319.972,1187.577,1199.240,7433251200,111129161000.000
20121130,1201.638,1246.706,1052.136,1067.510,6676850600,103738772000.000
20121231,1059.940,1257.239,1016.974,1248.854,11285293100,179188070000.000
20130131,1265.593,1338.469,1218.406,1303.012,13161127900,202932530000.000
20130228,1292.587,1334.484,1233.881,1270.730,9404975200,138956230000.000
20130329,1274.737,1274.737,1171.155,1173.264,10331397800,144623990000.000
20130426,1168.119,1187.026,1076.155,1095.688,6868548600,84839580000.000
20130531,1084.094,1197.124,1069.520,1178.760,10568338200,134591820000.000
20130628,1174.991,1177.774,854.178,903.238,6591134800,71057259000.000
20130731,902.331,1001.306,896.325,941.778,12238115000,149268120000.000
20130830,943.611,1084.031,942.561,1034.717,15877498000,197924710000.000
20130930,1032.735,1103.699,1020.158,1036.559,11029999500,127645097000.000
20131031,1031.966,1063.561,944.989,974.201,8276497600,87095824000.000
20131129,971.664,1028.648,942.977,1014.659,6652306100,74619282000.000
20131231,994.555,1010.330,916.098,946.498,7831202100,84960950000.000
20140130,944.425,952.777,888.972,907.937,7507575200,71296451000.000
20140228,901.256,992.270,899.280,948.267,9856685800,100315484000.000
20140331,949.026,973.209,905.311,916.501,9874647600,97668467000.000
20140430,914.572,965.582,889.182,905.844,8542796300,82047121000.000
20140530,904.236,991.721,901.261,940.713,9194594800,93294247000.000
20140630,939.283,1020.395,920.330,1017.101,12576718300,128006581000.000
20140731,1018.528,1210.685,1017.450,1209.345,26061051000,264751920000.000
20140829,1199.986,1261.625,1175.877,1208.990,29823610000,312899600000.000
20140930,1209.008,1307.573,1208.550,1295.397,26210072000,270740180000.000
20141031,1296.535,1317.167,1196.044,1270.819,21958084000,195327460000.000
20141128,1269.832,1378.919,1225.727,1359.591,32493319000,300811730000.000
20141231,1349.935,1470.567,1312.358,1334.456,60660638000,647526410000.000
20150130,1334.573,1443.835,1268.844,1396.014,42258366000,463871330000.000
20150227,1384.259,1496.768,1345.137,1492.457,17924671000,207488920000.000
20150331,1507.013,1791.585,1505.543,1769.761,65234263000,795320090000.000
20150430,1765.513,2126.437,1765.311,2053.256,79097992000,1176656770000.000
20150529,2051.264,2582.478,1892.085,2358.885,64152967000,1041644480000.000
20150630,2380.659,2805.222,1788.417,2066.643,84005289000,1328526890000.000
20150731,2031.122,2112.140,1197.165,1676.859,75663824000,793199660000.000
20150831,1646.569,2042.936,1278.796,1427.653,60638709000,654705020000.000
20150930,1411.573,1439.323,1179.242,1275.593,31611109000,297665930000.000
20151030,1330.046,1597.293,1316.098,1538.888,45324968000,433287450000.000
20151130,1501.302,1897.059,1490.008,1710.423,63538368000,692481190000.000
20151231,1708.115,1890.245,1671.273,1817.289,46067327000,577480410000.000
20160129,1811.446,1812.788,1192.804,1258.798,33830287000,355502750000.000
20160229,1253.687,1548.248,1211.078,1363.228,31917208000,338586860000.000
20160331,1365.934,1663.192,1352.485,1653.730,60556216000,676225710000.000
20160429,1648.793,1798.280,1631.786,1674.082,46971200000,587187630000.000
20160531,1685.301,1747.965,1490.489,1643.445,31389749000,476931750000.000
20160630,1647.315,1821.699,1632.662,1796.399,46610922000,593952300000.000
20160729,1800.260,2113.925,1796.077,1854.610,67026653000,824713410000.000
20160831,1859.648,1966.473,1831.441,1902.129,37742802000,444607170000.000
20160930,1900.254,1955.075,1801.068,1834.069,24631242000,280654630000.000
20161031,1822.095,1968.430,1821.990,1953.041,25131581000,251490860000.000
20161130,1960.794,2186.625,1954.846,2050.160,75957322000,755726620000.000
20161230,2049.214,2068.201,1867.351,1921.289,32521333000,332451780000.000
20170126,1926.633,1992.856,1782.145,1957.473,25310080000,241568490000.000
20170228,1964.339,2102.773,1924.511,2064.941,35761531000,361610660000.000
20170331,2055.406,2114.380,1975.717,1987.023,39035402000,490191080000.000
20170428,1986.938,2078.063,1788.185,1857.109,30727015000,328304730000.000
20170531,1856.804,1880.211,1635.865,1687.648,21235695000,220369670000.000
20170630,1684.440,1836.122,1614.919,1830.202,27878169000,303888400000.000
20170731,1831.186,2150.798,1823.628,2146.709,67794146000,741314950000.000
20170831,2142.037,2301.548,2066.452,2225.387,96779872000,1090851960000.000
20170929,2234.105,2411.027,2211.011,2241.625,70174133000,899645700000.000
20171031,2269.401,2275.569,2056.253,2086.630,27054370000,356370010000.000
20171130,2096.348,2111.284,1867.054,1959.577,33478154000,430387130000.000
20171229,1956.807,2010.167,1833.179,1996.506,31843522000,348519490000.000
20180131,2000.642,2062.053,1937.407,1964.454,50875809000,554606910000.000
20180228,1959.862,1965.802,1679.627,1857.912,32760678000,357563710000.000
20180330,1839.110,1937.420,1760.533,1848.295,48731390000,546661010000.000
20180427,1848.136,1897.568,1732.275,1744.757,36355677000,412706530000.000
20180531,1740.880,1796.823,1655.152,1677.317,27401711000,354143520000.000
20180629,1670.561,1707.624,1401.854,1459.094,24975430000,263468160000.000
20180731,1457.347,1508.582,1353.316,1471.614,29063332000,278406900000.000
20180831,1468.825,1471.858,1316.069,1321.737,28078208000,222686420000.000
20180928,1318.412,1322.974,1245.627,1305.115,25232987000,189149680000.000
20181031,1288.041,1305.681,1068.708,1201.503,36174808000,244825610000.000
20181130,1198.380,1310.312,1195.300,1230.454,42127807000,302210480000.000
20181228,1251.829,1287.745,1162.210,1168.668,24156859000,188992590000.000
20190131,1168.528,1269.211,1134.800,1139.579,34743341000,218513830000.000
20190228,1141.607,1460.717,1141.607,1412.882,43489535000,305156780000.000
20190329,1417.270,1589.364,1399.940,1484.935,77187959000,588507510000.000
20190430,1495.729,1625.992,1362.697,1388.777,60905204000,474376600000.000
20190531,1352.209,1432.587,1273.004,1412.840,42738248000,337816600000.000
20190628,1415.744,1496.703,1351.633,1447.246,59588935000,493098660000.000
20190731,1444.361,1481.471,1349.583,1372.470,38436865000,341120690000.000
20190830,1354.768,1417.169,1329.462,1400.213,48963267000,456931190000.000
20190930,1409.025,1483.428,1363.375,1363.511,38216627000,357031530000.000
20191031,1362.435,1394.973,1281.837,1282.897,18353680000,156643970000.000
20191129,1283.814,1308.672,1232.294,1278.380,25649688000,215133340000.000
20191231,1278.815,1459.140,1271.131,1437.606,40709250000,357209640000.000
20200123,1443.025,1522.758,1375.609,1391.657,42917773000,408311600000.000
20200228,1259.981,1504.819,1191.333,1380.522,66576492000,654683340000.000
20200331,1379.234,1487.780,1234.161,1258.404,52365409000,466424720000.000
20200430,1252.149,1336.753,1200.284,1261.246,37640082000,343101800000.000
20200529,1253.444,1329.563,1252.859,1326.318,34896370000,342903560000.000
20200630,1326.590,1370.575,1313.096,1356.858,40428450000,392729420000.000
20200731,1363.355,1689.067,1360.102,1659.300,108355520000,1005324040000.000
20200831,1659.670,1785.086,1570.262,1614.616,76374896000,722603230000.000
20200930,1617.596,1641.258,1463.867,1471.868,46822083000,416266780000.000
20201030,1491.214,1556.951,1459.178,1460.747,26420469000,265740340000.000
20201130,1461.141,1810.128,1455.680,1740.267,92492549000,852338550000.000
20201231,1729.163,1777.235,1609.209,1727.850,91626787000,930218930000.000
20210129,1738.981,1805.600,1591.676,1640.527,91175852000,1188380010000.000
20210226,1642.301,1987.302,1550.539,1820.709,83439829000,1052582270000.000
20210331,1821.190,1886.441,1710.477,1746.485,103551871000,1179815030000.000
20210409,1744.278,1851.947,1730.543,1827.557,18224704000,195161210000.000
