20070831,1006.931,1100.900,971.284,1096.290,3505316700,67661135000.000
20070928,1109.715,1136.292,1026.299,1050.239,2435725400,46622097000.000
20071031,1064.196,1081.217,853.588,952.411,1426338000,26428291000.000
20071130,951.557,951.557,847.497,872.866,1002686200,17281457000.000
20071228,867.878,1063.015,867.878,1059.220,1067758190,16439060000.000
20080131,1063.867,1173.033,1010.109,1010.109,2247224100,34854287000.000
20080229,1007.548,1131.365,962.276,1131.365,1407665200,19190809000.000
20080331,1133.817,1175.439,895.895,920.831,2216871700,34729308000.000
20080430,919.423,919.423,727.950,864.792,1835495900,23818227000.000
20080530,873.216,927.295,804.137,826.042,1982983800,26101192000.000
20080630,823.018,837.005,627.135,634.192,1309527210,13731937000.000
20080731,633.642,745.231,625.189,715.044,1839038300,16880794000.000
20080829,728.993,736.319,515.446,551.502,1159982580,9530704400.000
20080926,548.702,554.785,468.394,514.541,1433577500,11436461600.000
20081031,508.204,508.204,382.971,382.971,1285053890,8572394900.000
20081128,382.464,470.637,372.147,434.120,2124398000,12105357600.000
20081231,433.085,536.859,433.085,470.750,2982415000,20103697000.000
20090123,477.822,558.636,477.822,554.707,1937553200,13412033200.000
20090227,558.434,696.182,558.434,584.401,3824372900,31924501000.000
20090331,585.117,714.658,585.117,714.658,3203070200,27500757000.000
20090430,717.160,788.316,691.084,753.389,3414822000,32766634000.000
20090527,756.101,799.591,754.475,780.989,2823739600,27144283000.000
20090630,787.697,844.535,787.697,822.247,3007324200,29721892000.000
20090731,822.059,923.745,822.059,884.946,3596110300,39496594000.000
20090831,884.688,953.327,749.468,802.398,3033928300,30219529000.000
20090930,791.304,968.456,791.304,861.827,3299063300,37814074000.000
20091030,873.686,992.546,873.686,973.490,2254463600,28291456000.000
20091130,948.501,1174.483,948.501,1109.580,4663865900,59634207000.000
20091231,1107.312,1162.139,1028.611,1110.897,3175439900,44003034000.000
20100129,1113.714,1232.673,1073.865,1098.416,2793394600,40400852000.000
20100226,1096.852,1165.439,1070.935,1161.982,1303239860,18005685000.000
20100331,1164.274,1212.796,1122.819,1212.796,2947376600,41033136000.000
20100430,1214.874,1268.029,1088.220,1088.220,2765032900,40759200000.000
20100531,1064.673,1121.244,935.004,1009.725,1509543600,19510711000.000
20100630,1001.531,1080.392,970.390,977.044,1387690700,19986759000.000
20100730,974.260,1112.614,948.782,1105.903,1925195300,24207161000.000
20100831,1103.986,1243.321,1103.986,1243.321,4265337200,43779324000.000
20100930,1242.695,1273.714,1212.384,1265.578,2932521100,34259866000.000
20101029,1271.073,1330.449,1231.606,1330.449,3228795800,41515163000.000
20101130,1333.422,1436.442,1326.453,1402.321,5668172200,70035581000.000
20101231,1395.379,1436.176,1281.978,1343.574,3393890500,39919090000.000
20110131,1347.589,1366.793,1176.465,1254.228,1858697900,21720388000.000
20110228,1252.993,1346.617,1208.046,1336.323,1768301600,20935561000.000
20110331,1336.308,1370.446,1295.969,1300.164,5518220100,53194109000.000
20110429,1302.927,1360.681,1247.654,1271.524,2556817600,29374355000.000
20110531,1270.089,1344.730,1204.408,1235.455,2084461200,26230696000.000
20110630,1234.251,1307.373,1192.577,1297.545,2387879900,26272212000.000
20110729,1299.402,1403.573,1281.462,1340.603,3171763500,36843352000.000
20110831,1336.697,1380.891,1214.108,1303.422,2154713700,27634322000.000
20110930,1304.810,1311.750,1140.859,1154.742,1617014300,21523710000.000
20111031,1158.883,1231.411,1086.401,1219.013,1214934650,13398326100.000
20111130,1211.860,1275.651,1166.532,1175.929,1736322000,20514773000.000
20111230,1204.559,1215.587,960.434,1003.386,1328970260,15831975000.000
20120131,1007.093,1015.900,865.667,914.256,1049070890,10413396900.000
20120229,913.060,1082.185,909.396,1040.662,2364919600,22062461000.000
20120330,1037.787,1123.539,989.513,1007.417,2636063900,29044205000.000
20120427,1004.851,1078.086,1002.593,1042.875,2637628400,26477720000.000
20120531,1056.129,1089.957,1004.987,1060.469,2083631000,23321484000.000
20120629,1059.511,1081.300,996.886,1018.700,1421600700,17571493000.000
20120731,1020.160,1049.573,921.859,935.254,1773443700,21618470000.000
20120831,935.628,991.868,877.031,885.120,1928547800,20995356000.000
20120928,881.996,941.531,830.466,862.706,1640010500,15441023000.000
20121031,861.580,896.492,821.198,826.475,1368663400,13409929000.000
20121130,828.954,844.670,691.017,702.640,1623064100,14136002000.000
20121231,696.082,841.619,673.910,839.035,2399130500,22066501000.000
20130131,844.567,882.227,821.475,852.839,3364465800,33263870000.000
20130228,850.102,882.951,840.299,871.156,2259772000,22788411000.000
20130329,870.284,880.422,800.681,833.148,3038548400,31205864000.000
20130426,832.139,838.632,777.684,788.131,2377937300,24431144000.000
20130531,785.024,883.760,777.447,876.709,3686080100,39313551000.000
20130628,875.341,878.637,656.070,698.320,2285053300,21304448000.000
20130731,697.664,749.797,687.504,732.081,2916076600,25964919000.000
20130830,732.035,845.254,731.797,833.200,4855803000,37838148000.000
20130930,832.645,932.947,824.764,894.486,6163254400,52727084000.000
20131031,894.434,994.848,854.342,876.256,5267959100,49798689000.000
20131129,873.572,926.765,839.580,926.217,3622543600,32016025000.000
20131231,907.099,934.496,861.552,900.519,4043751700,40184237000.000
20140130,898.963,907.748,825.482,892.300,3240468800,33673337000.000
20140228,884.125,987.804,879.374,907.473,4171495900,44022428000.000
20140331,905.738,948.278,872.377,876.941,4226292300,40556420000.000
20140430,875.640,927.794,825.779,848.878,2810085300,26960456000.000
20140530,846.727,863.164,829.223,850.989,2086498900,17189378000.000
20140630,849.911,888.540,840.310,888.020,2479373600,21995166000.000
20140731,887.631,955.452,885.982,955.394,5183791500,38699964000.000
20140829,953.801,1038.242,941.873,1031.149,5107724000,50252480000.000
20140930,1031.448,1188.052,1031.115,1186.686,7032252100,70617744000.000
20141031,1189.375,1231.034,1137.651,1224.442,7696326000,71611135000.000
20141128,1224.351,1259.699,1177.424,1253.600,6841090600,71082247000.000
20141231,1250.769,1296.133,1173.815,1195.884,10659260100,109586724000.000
20150130,1196.101,1398.308,1183.678,1358.169,7960779700,90825310000.000
20150227,1347.458,1451.043,1331.517,1451.043,4516013800,56681493000.000
20150331,1452.845,1834.579,1452.845,1815.622,11778480200,160831980000.000
20150430,1820.903,2350.679,1820.903,2297.174,14364537000,247049380000.000
20150529,2294.284,3641.425,2190.237,3343.018,16521176000,303727620000.000
20150630,3352.275,4221.858,3213.448,3674.473,15650058000,330207220000.000
20150731,3642.395,4117.487,2283.284,3642.172,20552093000,327320020000.000
20150831,3569.935,4242.225,2761.742,3012.003,18444410000,314287550000.000
20150930,2949.838,3052.911,2572.942,2802.073,13996734000,189203470000.000
20151030,2898.744,3555.406,2881.047,3503.721,15151243000,218985060000.000
20151130,3405.063,4361.273,3370.153,4002.764,15656835000,277727580000.000
20151231,3990.858,4371.974,3745.431,4311.513,11031810000,204807890000.000
20160129,4310.605,4313.782,2753.389,2894.656,7417510600,122470718000.000
20160229,2884.897,3379.627,2806.162,2885.785,6239594300,88304761000.000
20160331,2877.128,3501.185,2805.287,3458.829,11064913400,159068490000.000
20160429,3448.630,3767.995,3357.632,3446.128,7994958300,131687868000.000
20160531,3443.161,3598.034,3057.089,3343.296,5551538400,81627401000.000
20160630,3342.872,3430.608,3122.047,3368.180,6254089400,93666392000.000
20160729,3374.398,3739.722,3350.715,3472.275,9276366700,141704000000.000
20160831,3452.929,3641.720,3375.630,3617.338,8270837200,120978729000.000
20160930,3613.985,3688.162,3540.181,3652.970,5627513100,90020205000.000
20161031,3670.166,3870.445,3669.275,3834.251,5351280300,87848041000.000
20161130,3843.130,4165.850,3843.130,3994.585,11342106400,164790500000.000
20161230,3994.790,4036.582,3755.212,3868.714,8884189200,117362588000.000
20170126,3870.750,3950.673,3448.677,3653.740,4901918100,73290576000.000
20170228,3652.394,3844.294,3621.496,3836.898,5885682800,96582076000.000
20170331,3829.562,3977.701,3728.686,3757.287,6829861600,138956550000.000
20170428,3763.335,3848.037,3309.291,3435.989,5812362100,86604471000.000
20170531,3426.033,3467.644,3028.620,3127.410,5372945300,76259186000.000
20170630,3112.834,3286.439,2989.029,3192.585,6027138500,87534672000.000
20170731,3191.295,3259.107,2896.615,3017.016,5821167300,68947042000.000
20170831,3016.497,3129.769,2931.251,3129.769,5665715200,67434718000.000
20170929,3140.033,3208.640,3095.597,3116.246,5060443400,65796064000.000
20171031,3137.088,3195.020,3026.568,3078.875,3582949300,47328110000.000
20171130,3082.316,3085.490,2733.438,2772.852,4791622700,57466548000.000
20171229,2772.273,2791.070,2616.793,2704.349,3952191400,44016216000.000
20180131,2706.418,2790.614,2639.616,2757.648,5239448100,59412260000.000
20180228,2740.522,2740.522,2325.947,2522.217,4009647600,45083678000.000
20180330,2512.403,2700.109,2408.166,2642.163,5475118000,58356394000.000
20180427,2643.845,2670.769,2515.634,2542.499,3339121300,36068970000.000
20180531,2541.305,2729.983,2511.998,2706.677,5831385300,69090103000.000
20180629,2698.339,2706.198,2174.138,2281.253,5091275100,58489210000.000
20180731,2275.550,2302.712,2095.612,2250.702,4809686000,48989413000.000
20180831,2254.566,2261.575,1959.915,1963.337,4226584100,39272278000.000
20180928,1963.584,1991.332,1884.468,1960.272,3439346200,29079835000.000
20181031,1936.388,1936.388,1630.485,1783.100,4301886000,30126194000.000
20181130,1787.380,2049.136,1787.380,1912.180,8766857100,65705250000.000
20181228,1955.796,1982.395,1788.256,1825.696,5463310900,42654161000.000
20190131,1830.513,1883.636,1710.127,1723.351,5842757600,43962002000.000
20190228,1728.486,2053.520,1728.486,2037.594,6496187200,49044011000.000
20190329,2043.041,2263.998,2026.126,2260.839,14511263000,113908988000.000
20190430,2279.010,2382.882,2116.438,2149.712,10811294300,96921818000.000
20190531,2099.938,2133.921,1987.726,2041.849,6322432000,50678869000.000
20190628,2043.005,2057.887,1925.601,2031.549,6472406400,43578248000.000
20190731,2055.049,2081.114,1938.952,1957.204,4801795300,37038046000.000
20190830,1949.830,1966.386,1840.653,1940.994,5505652500,39481690000.000
20190930,1945.625,2068.037,1944.894,1980.768,7702662600,55894860000.000
20191031,1978.450,2038.973,1952.865,1956.739,5349977800,39435655000.000
20191129,1948.865,1995.006,1865.342,1880.965,7108015000,49456019000.000
20191231,1883.266,2108.655,1864.626,2108.655,10076116600,71825999000.000
20200123,2122.759,2202.801,2035.982,2051.575,10896724300,95831697000.000
20200228,1874.179,2092.983,1773.916,2031.549,17638188000,126059853000.000
20200331,2051.528,2297.440,1916.632,2018.137,26170187000,171747000000.000
20200430,1995.879,2109.079,1870.527,1924.949,16749058000,102190123000.000
20200529,1902.310,1966.522,1878.682,1935.805,10817115400,72565456000.000
20200630,1946.765,2075.612,1942.707,2021.788,15277430000,98810763000.000
20200731,2020.154,2299.611,2010.959,2209.725,19741071000,134677800000.000
20200831,2219.695,2314.353,2165.177,2297.662,11966942200,85244895000.000
20200930,2293.798,2371.134,2164.740,2174.933,12295451500,92415335000.000
20201030,2200.155,2404.300,2200.155,2203.527,8616475100,80754313000.000
20201130,2204.324,2254.199,2183.731,2187.858,9714987700,86817560000.000
20201231,2185.082,2209.245,1991.192,2019.955,10507124300,89568543000.000
20210129,2013.887,2016.681,1828.695,1841.164,12061353500,83303560000.000
20210226,1823.399,1972.198,1746.360,1940.478,7594860800,56348671000.000
20210331,1946.824,2168.356,1936.884,2127.317,16688347000,113203647000.000
20210409,2119.631,2234.321,2113.533,2190.844,6663142900,43481852000.000
