20070831,1003.473,1228.096,940.950,1228.096,4274688300,65052332000.000
20070928,1260.124,1531.796,1260.124,1393.654,4811666400,89677619000.000
20071031,1406.641,1416.788,1158.016,1282.555,3310434900,61297690000.000
20071130,1276.868,1295.346,1093.331,1275.747,2368616000,42373625000.000
20071228,1252.911,1484.567,1252.911,1484.567,2944043300,56789505000.000
20080131,1486.162,1534.056,1219.478,1219.478,2351813500,47029208000.000
20080229,1224.043,1333.437,1184.181,1322.159,1368265400,25400625000.000
20080331,1315.996,1376.836,957.452,1025.713,2813221900,44682411000.000
20080430,1022.405,1070.284,826.127,995.498,3916612800,53061340000.000
20080530,1010.160,1051.127,885.193,893.743,3009196900,39615924000.000
20080630,890.749,906.521,663.693,690.363,1233276140,12523765000.000
20080731,699.474,819.907,668.554,784.864,3345869200,31064230000.000
20080829,780.371,795.720,663.517,689.435,1398076200,10761899600.000
20080926,685.067,694.923,638.332,654.729,997908410,5544127500.000
20081030,671.214,675.140,597.645,597.645,1529561800,7729881500.000
20081128,595.966,773.389,587.889,644.344,2424355800,11383363200.000
20081231,632.830,793.344,631.481,679.552,3431214600,18746621000.000
20090123,686.317,771.437,686.317,756.153,2530946300,12680643900.000
20090227,762.346,948.756,762.346,808.307,5983390800,35022129000.000
20090331,790.380,967.790,785.801,967.790,4802835300,28028649000.000
20090430,964.100,1051.353,926.734,995.007,4975386100,34124373000.000
20090527,996.456,1060.358,987.142,1009.239,4142415300,29579729000.000
20090630,1015.184,1093.117,1005.283,1066.190,4731214100,35926986000.000
20090731,1062.152,1259.049,1062.152,1234.714,7431905500,58764607000.000
20090831,1237.612,1286.402,997.040,1004.610,4986224000,40112500000.000
20090930,1002.475,1104.785,985.013,998.868,3930301700,28618290000.000
20091030,1015.597,1105.650,1015.597,1070.966,2518926500,18564944000.000
20091130,1051.711,1237.548,1051.711,1174.689,5119759500,41062012000.000
20091231,1180.157,1224.538,1128.701,1219.976,4350993600,38534205000.000
20100129,1225.039,1354.695,1202.577,1270.807,4873670400,46331877000.000
20100226,1262.482,1364.522,1228.269,1364.522,3487287000,31123393000.000
20100331,1363.950,1420.154,1304.389,1407.067,4066605800,38713783000.000
20100430,1407.929,1558.639,1366.025,1366.025,4991334900,51958479000.000
20100531,1335.243,1400.338,1079.604,1146.523,4577429900,39072769000.000
20100630,1143.926,1222.110,1060.831,1060.831,3384336000,27604914000.000
20100730,1050.524,1246.944,1020.267,1236.765,4175715600,33448350000.000
20100831,1239.273,1339.685,1223.055,1288.460,4666804800,40592105000.000
20100930,1287.172,1348.210,1253.537,1292.487,5051442300,44844332000.000
20101029,1300.902,1618.155,1300.902,1584.303,7436289100,76485812000.000
20101130,1586.377,1666.304,1397.657,1403.774,6915175400,75683450000.000
20101231,1401.795,1458.954,1316.098,1396.221,4272548300,41690547000.000
20110131,1403.590,1424.085,1266.932,1354.019,3933490800,37964854000.000
20110228,1351.779,1453.972,1312.275,1404.184,3273727600,31692196000.000
20110331,1402.790,1485.054,1359.367,1362.460,4658809800,44970901000.000
20110429,1360.145,1454.027,1346.107,1377.580,4833088600,44372204000.000
20110531,1382.968,1392.253,1214.557,1245.229,2773716000,23706552000.000
20110630,1247.296,1266.321,1168.818,1245.389,1925905300,15267514000.000
20110729,1247.278,1339.571,1237.724,1268.975,3466363200,29174226000.000
20110831,1263.365,1274.975,1110.524,1203.330,3406773400,24608976000.000
20110930,1206.355,1208.504,1074.634,1078.684,1691960000,11879013400.000
20111031,1086.829,1135.766,1054.095,1122.010,1490242700,9930121900.000
20111130,1114.897,1152.716,1041.437,1047.179,2400878000,15995672000.000
20111230,1067.463,1080.454,890.612,914.007,1714941000,9581185200.000
20120131,919.862,983.139,883.359,950.874,1652568800,9206532800.000
20120229,949.141,1051.613,936.241,1010.706,3002420600,17485665000.000
20120330,1008.172,1039.436,918.143,940.269,2628264900,15823417000.000
20120427,940.702,1003.869,937.780,992.786,1877875600,10993773300.000
20120531,1003.706,1040.239,961.893,988.540,2644898200,15666083000.000
20120629,991.783,1000.025,939.169,957.708,1624080200,9447558300.000
20120731,956.537,971.136,891.864,892.135,1817095900,10389989800.000
20120831,893.473,912.444,838.274,851.254,1401934900,7156856600.000
20120928,850.572,893.390,812.912,848.088,1745584700,7869394100.000
20121031,851.339,891.409,838.595,859.215,1641462700,6856955800.000
20121130,859.644,876.009,774.100,787.328,1564419800,6761452700.000
20121231,786.934,896.051,776.292,895.054,2228566000,10626551500.000
20130131,898.506,944.630,874.512,935.333,2889542000,15337972000.000
20130228,932.423,948.793,880.347,900.247,1682518000,9072625800.000
20130329,901.147,910.155,865.229,877.527,2166157600,11029317900.000
20130426,874.894,883.921,824.455,838.209,1532143300,7496406400.000
20130531,835.491,881.342,831.666,867.573,1728373300,9061053100.000
20130628,871.990,907.969,706.845,743.705,1805102300,7702761800.000
20130731,744.118,769.137,709.947,718.004,1893745900,7064902000.000
20130830,721.594,844.001,719.200,829.384,4049692600,16979171000.000
20130930,831.503,909.817,799.434,819.954,6329516500,29416099000.000
20131031,817.311,861.069,776.903,811.650,2956931600,13398035300.000
20131129,811.345,893.872,783.225,872.764,3176777400,15135740000.000
20131231,858.508,877.462,802.167,816.039,2884860700,13797622000.000
20140130,814.044,817.489,749.051,770.519,1785031100,7470176600.000
20140228,764.526,812.388,749.558,762.242,2550742800,10616985600.000
20140331,761.056,775.369,714.673,727.005,2089468500,8301544000.000
20140430,726.035,753.267,699.201,710.996,2222564200,8046694100.000
20140530,713.602,723.653,697.431,706.311,1430452400,5696120200.000
20140630,706.703,712.611,687.572,710.034,1633702900,6533619000.000
20140731,710.034,758.116,706.799,756.528,3668784500,13888158000.000
20140829,755.099,795.660,748.290,761.653,4631722300,18192414000.000
20140930,761.568,871.046,760.129,864.183,8456021500,33686801000.000
20141031,863.606,973.949,848.497,959.073,10368748500,41839045000.000
20141128,963.228,1142.977,962.802,1127.797,17433468000,76313171000.000
20141231,1149.350,1374.888,1118.471,1231.164,30679471000,168792860000.000
20150130,1240.055,1395.464,1148.290,1354.691,13923099000,85146773000.000
20150227,1333.015,1444.041,1276.930,1431.405,6387987800,50472830000.000
20150331,1436.987,1819.795,1365.551,1784.205,24606154000,172138350000.000
20150430,1782.619,2274.127,1782.222,2217.399,59205363000,199043440000.000
20150529,2213.407,2724.121,1982.654,2546.684,20884801000,204996990000.000
20150630,2543.905,3455.811,2523.069,2998.504,32970851000,379671420000.000
20150731,2933.661,2989.508,1790.540,2447.538,29447007000,302139030000.000
20150831,2420.170,2801.034,1792.507,2016.994,25758834000,273532340000.000
20150930,1973.903,2055.010,1794.356,1903.123,10216179600,86306829000.000
20151030,1962.638,2244.437,1939.912,2180.936,10535895500,96773735000.000
20151130,2150.006,2420.101,1998.934,2079.351,12223662800,120612543000.000
20151231,2080.485,2299.363,2064.562,2156.305,9201793200,86099568000.000
20160129,2152.188,2152.188,1531.583,1606.594,7983815200,62667720000.000
20160229,1609.515,1754.618,1496.053,1524.562,4468862700,32826027000.000
20160331,1531.215,1757.087,1512.504,1744.065,6674463200,47710043000.000
20160429,1738.833,1795.432,1671.430,1706.815,5336608200,40115113000.000
20160531,1713.487,1916.457,1702.781,1796.327,10049988900,73672481000.000
20160630,1797.180,1873.264,1731.673,1777.529,4839329300,38776721000.000
20160729,1778.014,1976.840,1772.322,1932.316,8525540900,68829446000.000
20160831,1931.086,1976.587,1866.842,1878.846,6119167800,49579564000.000
20160930,1880.725,1889.744,1798.349,1812.627,3229219600,24688446000.000
20161031,1818.230,1885.748,1813.403,1836.500,3609270300,26661806000.000
20161130,1839.839,1923.340,1805.429,1888.558,8316895700,58866598000.000
20161230,1879.630,1909.884,1735.573,1774.397,8481807900,61798331000.000
20170126,1774.236,1883.937,1749.892,1809.890,6061084100,44494961000.000
20170228,1809.347,1947.468,1790.363,1869.755,7318028600,52018045000.000
20170331,1879.274,1970.520,1849.996,1903.757,8536812200,66657228000.000
20170428,1908.084,1996.630,1850.413,1881.786,6887013000,56357107000.000
20170531,1876.654,1974.118,1837.322,1972.719,4170120700,40342452000.000
20170630,1977.361,2050.378,1968.944,1997.731,5362521900,54077955000.000
20170731,1997.944,2038.040,1936.112,1963.099,4979568400,43811976000.000
20170831,1960.955,2107.905,1928.346,2059.685,6834347000,55075421000.000
20170929,2054.300,2093.262,1964.516,1972.496,4896115100,43415629000.000
20171031,1988.679,2064.523,1962.956,2063.487,3117953000,29773155000.000
20171130,2063.591,2205.810,2034.306,2105.569,8724425600,86708202000.000
20171229,2098.614,2204.703,2051.613,2194.416,6501986200,65115765000.000
20180131,2193.662,2312.356,2120.757,2267.443,11160452500,123668556000.000
20180228,2278.736,2327.199,1994.078,2211.122,5957971100,71848897000.000
20180330,2195.784,2259.302,1983.166,2084.536,5667939500,71203742000.000
20180427,2088.093,2103.002,1943.447,2045.733,4052429000,47883531000.000
20180531,2058.674,2161.079,2034.555,2098.769,4501498600,54591397000.000
20180629,2091.174,2272.376,1850.799,1899.343,5192240800,64030404000.000
20180731,1896.425,1938.354,1777.806,1811.749,7426651300,62575265000.000
20180831,1822.765,1837.705,1623.753,1695.705,6837836500,51626394000.000
20180928,1686.119,1764.532,1605.461,1739.393,4380281700,31682783000.000
20181031,1682.067,1687.624,1465.426,1567.047,4515044000,33103481000.000
20181130,1575.500,1765.493,1561.561,1657.641,7057570000,50499317000.000
20181228,1699.970,1745.641,1573.920,1588.934,4069016400,31302518000.000
20190131,1591.582,1674.941,1548.516,1640.101,4637462300,37687609000.000
20190228,1644.971,1926.970,1639.801,1880.418,6790650200,52621868000.000
20190329,1886.896,2051.725,1841.370,2050.942,11291035700,88053010000.000
20190430,2054.475,2320.846,1957.015,2022.283,10531089200,90380063000.000
20190531,1949.129,1955.069,1829.535,1883.652,5021797200,50414267000.000
20190628,1902.092,2022.095,1826.284,2010.008,4012237200,40929961000.000
20190731,2044.984,2067.132,1939.007,1963.265,3689497800,47304746000.000
20190830,1960.277,1964.287,1797.555,1933.886,5332483800,54675758000.000
20190930,1933.471,2024.195,1931.125,1948.336,4788643100,51326921000.000
20191031,1956.244,2023.586,1902.553,1908.879,4006113000,47979636000.000
20191129,1903.262,2012.139,1842.846,1853.725,4592374000,49329817000.000
20191231,1857.792,2019.011,1848.757,2012.860,5407856600,50262640000.000
20200123,2026.437,2063.194,1813.068,1826.737,6283727500,64804063000.000
20200228,1644.056,1879.300,1563.389,1704.073,10113779700,84112870000.000
20200331,1714.435,1858.610,1510.543,1563.716,10443347600,81616742000.000
20200430,1559.912,1701.212,1546.995,1697.434,5595368200,49056049000.000
20200529,1650.616,1668.468,1581.508,1666.339,4704335600,42256483000.000
20200630,1669.349,1798.307,1641.940,1669.469,7580331400,60849634000.000
20200731,1668.640,1924.936,1663.779,1770.636,13487809000,112221198000.000
20200831,1777.980,1975.807,1776.480,1922.788,12462131300,103742006000.000
20200930,1918.503,2077.201,1869.530,1883.848,13521227000,91935216000.000
20201030,1910.501,1931.551,1770.480,1772.351,4920485300,38924373000.000
20201130,1770.361,2024.825,1723.174,1974.528,8259048900,84477151000.000
20201231,1972.137,2036.555,1802.131,1904.183,6862923100,61300803000.000
20210129,1895.975,1922.692,1757.404,1888.862,6927702400,77813049000.000
20210226,1834.829,2045.335,1753.270,1949.191,8497029600,97067713000.000
20210331,1952.480,2167.308,1901.674,2097.717,10326527600,96482273000.000
20210409,2099.071,2120.033,2071.256,2087.407,1805586900,15219936000.000
