20070831,1000.520,1175.334,967.349,1175.334,6306416000,86016023000.000
20070928,1189.935,1318.351,1189.935,1260.807,5515777500,82357963000.000
20071031,1285.743,1285.743,1033.277,1115.473,3123895300,51027735000.000
20071130,1115.221,1115.221,954.164,972.972,2164936200,30086456000.000
20071228,972.970,1169.971,972.970,1146.662,2457384000,35645915000.000
20080131,1151.386,1306.721,1088.900,1088.954,4367163500,66663382000.000
20080229,1092.594,1177.339,1046.815,1133.140,1534421500,21570591000.000
20080331,1129.796,1168.890,843.944,843.944,2278657300,29057528000.000
20080430,837.488,837.488,674.029,824.354,2373105900,25960090000.000
20080530,835.086,858.575,730.414,735.362,2695516100,29707348000.000
20080630,731.527,746.308,498.123,505.216,1776874700,14182359000.000
20080731,505.619,593.725,490.577,551.482,3340423000,23650336000.000
20080829,547.433,557.854,418.651,439.460,1581807300,9793142700.000
20080926,434.884,434.884,370.774,420.626,1547140000,8278566100.000
20081031,414.970,414.970,310.940,310.940,1257323810,6194394700.000
20081128,309.457,399.244,303.148,381.828,2966438300,13221624000.000
20081231,377.349,446.579,377.349,385.805,3711559300,18184600000.000
20090123,395.133,451.881,395.133,451.881,2964375000,15472525000.000
20090227,454.677,652.945,454.677,554.705,7847776000,51074800000.000
20090331,540.863,684.895,540.863,669.985,6752625800,48016659000.000
20090430,682.768,755.590,655.274,755.590,7378068000,56258144000.000
20090527,758.373,835.068,752.336,816.504,6398912700,53989998000.000
20090630,817.133,853.181,807.732,829.582,5875208100,53249071000.000
20090731,827.976,988.394,827.976,983.132,8863008500,86280037000.000
20090831,985.921,1002.872,766.283,779.269,5303982000,50380936000.000
20090930,775.109,946.711,775.109,862.449,5056663200,49463871000.000
20091030,881.655,1078.366,881.655,1078.366,4881964500,49892729000.000
20091130,1053.985,1274.545,1053.985,1202.426,8475474900,92424295000.000
20091231,1204.220,1338.422,1204.220,1324.441,7422629100,91866392000.000
20100129,1334.948,1334.948,1150.351,1168.441,5271708300,73080219000.000
20100226,1164.742,1286.067,1148.656,1286.067,2614808600,30507732000.000
20100331,1289.077,1353.197,1247.371,1341.852,4472642300,56767138000.000
20100430,1338.639,1397.604,1229.101,1229.101,4699320400,60505326000.000
20100531,1199.157,1224.771,1041.444,1100.730,3901239100,41757361000.000
20100630,1090.142,1100.795,964.911,964.911,3020706600,29792935000.000
20100730,969.039,1154.030,928.302,1147.517,4888525200,51352809000.000
20100831,1147.449,1271.957,1147.449,1268.234,5439258400,63393570000.000
20100930,1270.048,1377.832,1241.592,1309.647,5009303700,62024128000.000
20101029,1331.456,1546.200,1331.456,1505.090,6260442600,88338616000.000
20101130,1507.150,1592.408,1331.262,1414.623,6440115500,92419701000.000
20101231,1404.276,1417.337,1228.505,1273.462,3738998800,53170735000.000
20110131,1280.139,1331.612,1209.298,1325.572,3531535400,49851283000.000
20110228,1325.802,1449.264,1291.226,1436.544,2983479900,43544245000.000
20110331,1437.085,1495.728,1389.749,1396.275,3984290900,59538635000.000
20110429,1395.228,1441.735,1278.939,1299.689,3533106700,48346342000.000
20110531,1301.415,1304.764,1130.892,1165.131,2237409300,26420409000.000
20110630,1165.218,1225.564,1120.026,1213.868,2646693500,30775633000.000
20110729,1222.567,1296.618,1186.276,1195.307,3653784600,47775168000.000
20110831,1191.281,1217.477,1063.975,1100.338,2632837000,29831456000.000
20110930,1101.019,1107.372,1025.745,1038.265,3129251400,31357617000.000
20111031,1039.633,1076.789,963.640,1055.506,2785418400,28899331000.000
20111130,1046.056,1095.943,973.472,979.961,3848229900,41847482000.000
20111230,1010.056,1019.557,845.204,892.317,2722760600,24627799000.000
20120131,899.058,949.850,848.031,928.132,2288846900,21792642000.000
20120229,926.634,1087.888,915.814,1064.068,4365591900,41489050000.000
20120330,1057.727,1109.400,983.544,1000.801,4672199000,47397827000.000
20120427,997.995,1106.844,996.657,1051.709,2868666700,29057551000.000
20120531,1057.623,1089.583,992.984,1057.971,4151905600,40809353000.000
20120629,1057.920,1063.549,933.373,956.186,2631046700,24104447000.000
20120731,956.322,957.620,848.134,852.807,3474193500,29982867000.000
20120831,847.121,878.728,794.434,807.898,2845535600,22809292000.000
20120928,805.914,863.803,783.488,822.649,3205102900,24823718000.000
20121031,820.438,894.454,815.352,842.995,4647827800,28430059000.000
20121130,839.623,863.856,758.922,775.213,3378975500,23897682000.000
20121231,772.112,945.090,761.014,945.090,5917067300,44865502000.000
20130131,948.870,1036.322,919.233,1033.553,6382179800,54271274000.000
20130228,1029.418,1104.237,996.123,1029.212,4204180700,42406269000.000
20130329,1028.388,1033.507,923.225,942.699,5112308400,47631042000.000
20130426,937.985,1020.434,895.096,982.708,4715232600,44789706000.000
20130531,972.368,1167.163,965.660,1117.414,9851390800,102827698000.000
20130628,1113.757,1116.976,822.304,891.063,4743197700,48440705000.000
20130731,891.954,976.046,878.006,896.869,5760609600,58905808000.000
20130830,898.907,1012.065,896.869,987.933,6213154600,62588737000.000
20130930,990.223,1091.991,985.463,1038.845,5528189600,59912929000.000
20131031,1039.748,1101.932,977.196,1014.170,5370002300,58464846000.000
20131129,1015.051,1058.309,969.737,1047.882,4352318700,49497867000.000
20131231,1030.513,1106.025,1002.893,1018.342,4635877700,50286704000.000
20140130,1016.603,1016.909,923.507,963.284,3614706900,37102145000.000
20140228,956.643,1072.927,952.512,1023.521,6146467300,63862144000.000
20140331,1026.216,1048.864,972.540,994.533,6696516000,72273743000.000
20140430,992.498,1056.132,971.111,991.639,4360280500,46817443000.000
20140530,990.262,1002.141,931.002,970.951,2375133300,27768103000.000
20140630,972.680,1019.283,947.569,1016.287,2994863400,32950795000.000
20140731,1017.677,1192.864,1014.628,1192.596,9108364200,94152753000.000
20140829,1188.855,1262.685,1168.587,1192.312,7723990500,75943855000.000
20140930,1197.135,1259.189,1196.430,1255.421,7877727900,79377562000.000
20141031,1257.703,1297.115,1217.478,1287.298,7505128800,76952198000.000
20141128,1290.867,1326.561,1233.466,1319.867,7361068200,81848051000.000
20141231,1315.787,1431.981,1293.229,1346.104,13710782000,171387380000.000
20150130,1348.612,1492.765,1310.154,1416.091,9008029200,129167986000.000
20150227,1396.973,1522.714,1366.051,1517.544,4630713800,72480242000.000
20150331,1534.443,1710.387,1514.174,1687.548,13235979800,182924820000.000
20150430,1691.260,1933.700,1680.938,1854.755,16570491000,273669020000.000
20150529,1876.035,2127.231,1753.703,1959.889,15190762000,282954260000.000
20150630,1979.075,2430.797,1661.979,1909.326,20985449000,399059480000.000
20150731,1882.309,1952.667,1229.038,1551.005,20787800000,320035050000.000
20150831,1530.841,1877.696,1220.971,1407.310,17001062000,241641750000.000
20150930,1394.711,1431.807,1224.588,1384.395,10518936300,130116830000.000
20151030,1440.462,1612.071,1418.252,1587.158,12687076300,168765640000.000
20151130,1552.769,1783.139,1509.034,1660.592,14902234000,208752750000.000
20151231,1661.195,1732.400,1600.786,1704.215,9511421800,140817640000.000
20160129,1702.666,1702.666,1154.079,1213.655,6557540700,83710723000.000
20160229,1210.592,1387.839,1176.552,1204.247,5156367400,58167348000.000
20160331,1208.161,1447.609,1189.134,1433.939,8201347200,92602544000.000
20160429,1428.418,1506.084,1395.209,1443.031,7936309600,102681377000.000
20160531,1440.420,1483.472,1339.225,1428.848,6931316300,83196145000.000
20160630,1433.292,1615.435,1391.113,1606.506,10517880000,125585149000.000
20160729,1613.078,1699.741,1579.443,1620.575,10024683000,137098380000.000
20160831,1611.441,1683.522,1567.096,1640.908,7235474700,94184967000.000
20160930,1641.281,1723.767,1595.934,1628.053,6271869600,73511155000.000
20161031,1636.426,1707.704,1636.426,1679.556,5712209300,59255664000.000
20161130,1687.954,1778.420,1676.926,1731.921,9646345800,104946444000.000
20161230,1734.912,1761.869,1639.208,1662.628,8302526600,90026706000.000
20170126,1665.953,1726.658,1614.021,1714.581,5850956000,62867041000.000
20170228,1714.035,1808.578,1699.462,1781.854,6762178500,77734252000.000
20170331,1788.133,1816.081,1713.982,1743.046,7505187600,93745782000.000
20170428,1755.496,1784.387,1579.595,1615.204,6780344100,90027330000.000
20170531,1610.974,1615.387,1433.311,1492.135,5072586100,62453977000.000
20170630,1493.599,1610.585,1452.421,1599.020,6378771700,90252668000.000
20170731,1599.324,1634.318,1512.817,1597.292,6741162200,85192532000.000
20170831,1599.027,1621.831,1557.961,1588.136,7145210700,78230351000.000
20170929,1588.021,1888.687,1586.813,1879.902,12530726300,160642360000.000
20171031,1924.317,1990.327,1727.041,1749.829,11106940500,145181720000.000
20171130,1749.350,1770.826,1558.800,1578.203,9069878100,133151754000.000
20171229,1576.742,1644.001,1519.636,1608.722,6176785400,79608273000.000
20180131,1609.728,1676.697,1544.235,1554.376,8165605600,110588349000.000
20180228,1545.593,1546.976,1353.288,1470.695,4246720400,55154495000.000
20180330,1460.589,1585.731,1388.975,1462.432,6591377300,83729013000.000
20180427,1460.478,1477.249,1336.778,1350.946,4492756700,51662306000.000
20180531,1342.760,1430.200,1319.885,1355.096,4508405500,50300966000.000
20180629,1347.819,1374.921,1177.200,1245.307,4161914600,44684262000.000
20180731,1251.493,1260.642,1149.833,1197.004,5166368900,47888884000.000
20180831,1209.781,1216.169,1074.448,1084.415,3627966400,36434277000.000
20180928,1084.015,1104.916,1034.921,1089.609,3578602600,33425845000.000
20181031,1074.056,1074.056,860.489,953.440,5197112500,47002582000.000
20181130,953.929,1045.336,949.834,994.223,6949644800,58972009000.000
20181228,1012.989,1038.078,937.482,949.798,4919354600,47275456000.000
20190131,952.429,1038.097,925.290,949.516,6866065900,62211015000.000
20190228,951.065,1180.895,951.065,1162.624,7382483400,65807776000.000
20190329,1163.538,1292.163,1157.095,1210.280,15780859000,132331724000.000
20190430,1220.357,1576.469,1219.844,1360.152,24491202000,212582180000.000
20190531,1304.830,1330.809,1173.270,1204.405,11882510200,90960391000.000
20190628,1206.210,1220.011,1130.798,1181.158,8084724100,61611515000.000
20190731,1200.737,1258.554,1130.945,1150.193,7870050700,70305777000.000
20190830,1144.704,1185.857,1040.691,1117.594,7351338700,63904094000.000
20190930,1116.384,1186.818,1099.126,1099.758,8074670200,67259045000.000
20191031,1099.234,1122.609,1064.507,1065.767,4776648600,39057946000.000
20191129,1065.829,1104.374,1051.997,1080.498,5687245000,48545691000.000
20191231,1079.965,1178.003,1077.562,1163.461,9001360500,73854958000.000
20200123,1171.331,1238.383,1134.285,1142.878,8273016900,84509489000.000
20200228,1033.878,1253.848,970.773,1148.069,12089277100,123508216000.000
20200331,1155.172,1227.098,1009.508,1096.513,11948485800,108567514000.000
20200430,1105.996,1125.537,1007.634,1056.973,9261548200,77362554000.000
20200529,1047.232,1144.920,1047.232,1136.378,7020718900,62796704000.000
20200630,1136.526,1220.574,1136.526,1153.288,13415098400,129739331000.000
20200731,1154.517,1350.614,1143.567,1302.545,18372170000,224697860000.000
20200831,1312.234,1412.724,1312.234,1336.787,18179249000,152225350000.000
20200930,1335.967,1472.824,1335.967,1368.413,13637304000,189059930000.000
20201030,1396.377,1578.204,1394.602,1521.742,13205069500,210066410000.000
20201130,1519.911,1895.370,1514.349,1777.584,29508718000,528716090000.000
20201231,1757.433,1933.014,1676.645,1829.757,32125021000,550242950000.000
20210129,1797.847,1844.462,1664.507,1699.540,21023480000,482870310000.000
20210226,1670.386,1836.659,1644.115,1744.351,15465894000,320810230000.000
20210331,1741.911,1871.386,1717.718,1773.623,17230716000,304626770000.000
20210409,1771.564,1841.992,1771.564,1822.629,4172734900,70157435000.000
