20070831,1002.165,1102.668,944.234,1100.307,4013782100,57541396000.000
20070928,1112.834,1138.200,1036.106,1080.991,3094058200,46665506000.000
20071031,1101.859,1101.859,877.713,957.713,1641328400,28124815000.000
20071130,958.529,958.529,881.052,912.058,1385179900,20658027000.000
20071228,910.069,1081.840,910.069,1077.319,1726176400,23012146000.000
20080131,1081.569,1193.547,1014.995,1027.713,2814329800,44356036000.000
20080229,1028.111,1133.635,980.785,1121.563,1338686400,21126682000.000
20080331,1126.847,1159.914,887.678,904.282,2150211600,29032219000.000
20080430,898.830,898.830,672.033,805.880,1931968000,20862626000.000
20080530,815.337,857.272,752.086,770.962,2288691200,28029006000.000
20080630,768.703,776.321,535.467,541.584,1872158100,16203553000.000
20080731,542.096,634.654,528.617,592.347,3231356100,27006051000.000
20080829,588.149,601.037,450.168,473.048,2028977700,14246584000.000
20080926,468.151,468.151,398.569,435.898,1908797200,11555659000.000
20081031,429.421,429.421,303.470,303.470,1616055700,8179572000.000
20081128,301.130,388.701,293.681,361.701,3355820500,15539303000.000
20081231,361.804,446.914,361.804,382.549,4656980800,24627739000.000
20090123,389.392,476.265,389.392,473.830,3481878100,19250571000.000
20090227,477.028,631.901,477.028,536.184,7415665800,51719904000.000
20090331,525.737,673.927,525.737,673.927,6391782700,48695528000.000
20090430,676.247,764.568,664.670,738.386,6055760800,52200067000.000
20090527,741.921,850.183,741.921,832.012,5081493200,47610313000.000
20090630,835.834,865.332,827.272,835.167,5349464200,50335720000.000
20090731,834.682,963.294,834.682,940.452,7284246400,74024979000.000
20090831,944.546,985.766,759.619,775.613,5053969900,51666276000.000
20090930,768.202,931.634,763.450,817.438,4547237100,48298933000.000
20091030,831.718,1007.901,831.718,1002.763,4062946000,45418867000.000
20091130,979.498,1203.103,979.498,1133.376,7080889900,85397997000.000
20091231,1132.610,1219.055,1112.969,1219.055,5567849500,71291333000.000
20100129,1225.977,1289.059,1130.894,1151.922,4422488400,62189304000.000
20100226,1149.652,1222.060,1122.440,1222.060,2291734300,28503581000.000
20100331,1223.915,1330.621,1204.705,1330.621,5263229100,66396479000.000
20100430,1329.630,1420.627,1248.058,1248.058,6014055100,87228843000.000
20100531,1229.137,1287.141,1048.540,1139.895,4801756700,63537979000.000
20100630,1128.113,1186.075,1016.845,1016.845,3487375000,46666327000.000
20100730,1017.056,1189.993,987.336,1189.993,4532849600,62136023000.000
20100831,1188.937,1342.183,1185.496,1342.183,6365931900,96593334000.000
20100930,1342.370,1417.040,1324.277,1354.943,5193923900,83686869000.000
20101029,1369.314,1550.039,1337.625,1550.039,5734493700,105157745000.000
20101130,1562.174,1681.642,1498.670,1590.956,8104696500,177501040000.000
20101231,1585.894,1673.883,1477.007,1546.870,5018957400,106906296000.000
20110131,1555.682,1594.727,1364.028,1471.007,3565458300,67016074000.000
20110228,1465.768,1638.064,1451.974,1628.608,3920120800,78696911000.000
20110331,1631.973,1665.713,1571.033,1574.397,5614069900,113529542000.000
20110429,1573.823,1604.848,1436.033,1460.318,3883794200,66782917000.000
20110531,1456.586,1483.913,1273.173,1305.691,2777990600,41681955000.000
20110630,1303.206,1373.356,1222.678,1340.931,2891248300,42015896000.000
20110729,1343.193,1476.040,1328.248,1381.952,4717092900,70301901000.000
20110831,1378.304,1402.207,1212.144,1318.057,3582207800,55305323000.000
20110930,1322.048,1342.105,1140.862,1154.337,2282711400,32250517000.000
20111031,1157.925,1243.234,1058.010,1160.852,1902166200,26111923000.000
20111130,1150.876,1238.277,1100.370,1112.050,3618770500,49129602000.000
20111230,1143.669,1153.050,868.648,911.358,2158134900,27097588000.000
20120131,919.972,948.749,831.295,914.461,1798630800,21116663000.000
20120229,911.269,1072.729,906.120,1027.883,3874989000,44436330000.000
20120330,1024.477,1123.251,937.347,944.812,4523318600,55463774000.000
20120427,946.199,1041.070,944.591,1009.043,3190960400,32854967000.000
20120531,1020.716,1052.157,954.540,1008.649,3683276000,41477367000.000
20120629,1006.556,1012.123,892.976,911.473,1836057500,19176148000.000
20120731,914.722,919.136,805.078,806.415,2253003900,21862177000.000
20120831,803.189,860.803,802.498,815.586,2460989700,23088314000.000
20120928,814.486,879.523,779.434,812.057,2776893600,26320590000.000
20121031,813.233,845.598,795.713,801.572,1930279900,18539686000.000
20121130,802.626,826.932,709.732,721.109,2289509600,21171671000.000
20121231,719.460,827.736,689.537,824.778,4034754600,38242809000.000
20130131,828.258,883.085,812.849,876.974,5286290300,54863226000.000
20130228,861.063,925.939,861.063,911.506,4207402300,46273006000.000
20130329,911.506,920.334,854.518,861.295,4714712700,49769793000.000
20130426,858.615,870.225,821.957,831.299,3016020700,30431616000.000
20130531,828.237,955.546,822.844,945.447,6289325100,64317666000.000
20130628,945.499,948.130,727.498,783.073,4039168300,39095559000.000
20130731,780.004,848.113,775.503,807.136,6857030200,65079567000.000
20130830,807.284,905.239,806.382,882.802,7382261500,69966168000.000
20130930,882.251,934.490,879.700,925.706,6717191200,64387295000.000
20131031,923.698,987.755,891.524,930.219,5659741900,57069501000.000
20131129,925.774,1032.071,905.969,1030.440,5202794600,61062049000.000
20131231,996.377,1025.957,946.775,993.202,5769086800,72887160000.000
20140130,991.314,1046.252,925.779,1034.029,5257670600,61944943000.000
20140228,1028.753,1195.999,1024.900,1151.190,7915427400,98693320000.000
20140331,1155.737,1188.934,1088.615,1096.112,9411277100,117007281000.000
20140430,1092.017,1173.203,1048.538,1093.811,6882364700,84613766000.000
20140530,1090.035,1152.747,1079.083,1142.585,5368824900,72220661000.000
20140630,1141.947,1246.425,1124.787,1243.426,6909318200,102183911000.000
20140731,1246.789,1365.512,1239.836,1365.491,11434811000,149290230000.000
20140829,1366.834,1537.484,1355.596,1508.425,11737492300,143958670000.000
20140930,1512.060,1746.114,1511.465,1745.980,12187412300,155224880000.000
20141031,1751.736,1825.200,1673.580,1814.559,9820289700,143327690000.000
20141128,1814.587,1887.331,1729.431,1870.376,10288648100,154913680000.000
20141231,1869.425,1897.809,1608.877,1628.006,14107018000,213917340000.000
20150130,1628.743,1867.422,1611.099,1815.679,10029985000,155049310000.000
20150227,1803.220,1950.724,1766.067,1950.724,6910182100,106513212000.000
20150331,1967.216,2565.454,1967.216,2541.944,18348160000,329268870000.000
20150430,2546.696,3083.070,2546.364,3001.663,21399122000,464729990000.000
20150529,3014.215,4507.977,2888.555,4156.446,22308240000,554832220000.000
20150630,4179.306,4976.395,3215.420,3672.676,23459695000,647590520000.000
20150731,3608.674,3775.834,2161.911,3198.577,23771982000,441394360000.000
20150831,3139.379,3849.829,2399.976,2624.593,22314881000,415017700000.000
20150930,2572.291,2625.024,2181.394,2522.915,16010741000,245930900000.000
20151030,2613.374,3146.419,2589.339,3069.732,19139904000,356826450000.000
20151130,2989.582,3897.470,2969.734,3652.984,23708086000,483389390000.000
20151231,3644.727,4109.553,3445.676,4004.738,18433415000,398968190000.000
20160129,3983.379,3985.437,2467.738,2618.102,13270060400,228867100000.000
20160229,2607.157,3077.263,2528.214,2615.743,10229324100,166805560000.000
20160331,2612.940,3269.298,2556.403,3226.182,18582707000,316028410000.000
20160429,3205.140,3512.389,3147.405,3326.170,17773394000,346896030000.000
20160531,3328.325,3529.745,2989.552,3347.430,13924354000,263195930000.000
20160630,3358.458,3688.687,3265.023,3679.731,17694309000,352464540000.000
20160729,3680.487,3820.595,3492.568,3534.573,16514154000,308901580000.000
20160831,3514.311,3726.026,3409.265,3702.402,12575458200,219765630000.000
20160930,3699.244,3791.479,3601.098,3706.419,10928317000,189444780000.000
20161031,3732.207,3923.372,3725.459,3881.623,10856242700,181287290000.000
20161130,3877.794,4109.651,3877.741,3998.050,15429991000,276763850000.000
20161230,3994.573,4035.068,3667.558,3828.136,10907380700,196522950000.000
20170126,3835.905,4004.129,3557.154,3831.445,11641813600,223207770000.000
20170228,3829.448,4001.446,3809.281,3983.511,12627940100,261505230000.000
20170331,3977.299,4189.301,3953.708,4027.291,18210991000,349592170000.000
20170428,4036.976,4140.072,3595.770,3733.931,12705635700,237084030000.000
20170531,3728.512,3749.927,3266.852,3367.519,10192492700,181863230000.000
20170630,3341.765,3555.946,3190.419,3541.368,13120088200,221520600000.000
20170731,3540.701,3676.070,3244.166,3424.397,15017729000,245606710000.000
20170831,3427.107,3539.948,3300.250,3527.028,14701605000,225797890000.000
20170929,3528.864,3650.948,3464.848,3551.348,15916279000,234284570000.000
20171031,3594.067,3675.004,3450.745,3496.907,10789117600,175173120000.000
20171130,3495.796,3508.300,3091.044,3121.953,12825365900,213522380000.000
20171229,3117.991,3150.679,2933.928,3045.808,9030844000,132553594000.000
20180131,3044.633,3089.631,2866.647,2873.519,11549214600,187462000000.000
20180228,2862.409,2873.289,2461.978,2698.258,6245159600,88086666000.000
20180330,2683.487,2894.077,2572.556,2820.826,12165342800,169441920000.000
20180427,2829.535,2894.183,2608.384,2650.068,9515172200,137832660000.000
20180531,2641.698,2889.198,2587.173,2658.783,13656081000,208756310000.000
20180629,2643.505,2678.678,2221.656,2405.212,12003468700,169353030000.000
20180731,2402.709,2436.341,2230.228,2378.208,13711654000,177310770000.000
20180831,2383.689,2392.384,2097.042,2113.502,12171367700,133068291000.000
20180928,2106.917,2123.824,1999.407,2075.052,9999494500,94813043000.000
20181031,2047.037,2047.037,1708.171,1912.729,10120882200,97245550000.000
20181130,1909.977,2133.874,1904.950,1996.227,19927725000,179158080000.000
20181228,2043.219,2104.865,1910.138,1925.175,15599989000,135804280000.000
20190131,1925.228,2032.369,1825.266,1833.358,16651365000,146792710000.000
20190228,1838.556,2231.769,1838.556,2209.234,17681523000,152871170000.000
20190329,2213.413,2455.643,2185.037,2368.472,35560196000,341828910000.000
20190430,2380.498,2641.543,2243.782,2281.300,36032421000,361761450000.000
20190531,2210.088,2232.886,2061.077,2139.994,19296618000,172837030000.000
20190628,2145.713,2180.094,2030.746,2115.014,15984555000,152899670000.000
20190731,2146.448,2190.649,2001.193,2065.181,14548400000,131368930000.000
20190830,2058.400,2104.116,1877.436,2048.897,15211405000,139993290000.000
20190930,2049.730,2216.531,2048.665,2063.525,20601729000,194831790000.000
20191031,2063.976,2138.592,2023.387,2024.453,13155841800,122346972000.000
20191129,2021.185,2084.151,2002.102,2027.213,13830795000,145267090000.000
20191231,2029.694,2263.967,2020.711,2251.181,22318061000,227710650000.000
20200123,2260.379,2471.799,2260.379,2298.362,25932862000,277662900000.000
20200228,2073.087,2542.572,1943.565,2294.454,43757738000,467360980000.000
20200331,2311.211,2488.781,2075.050,2130.193,39036791000,354810450000.000
20200430,2147.029,2273.109,2087.323,2207.780,31228365000,264414140000.000
20200529,2185.593,2289.338,2182.533,2267.786,23365275000,211040420000.000
20200630,2275.473,2416.394,2275.473,2398.733,29165388000,275197910000.000
20200731,2413.168,2783.816,2388.040,2706.897,49733437000,499711490000.000
20200831,2724.495,2981.326,2724.495,2942.259,44089928000,503359030000.000
20200930,2944.693,3017.935,2749.552,2770.711,34139990000,413441610000.000
20201030,2811.710,3055.005,2811.656,2918.410,24741215000,333361100000.000
20201130,2919.902,3225.224,2910.789,3092.294,39373837000,509851230000.000
20201231,3080.867,3137.812,2759.363,2836.148,35126587000,407805280000.000
20210129,2873.205,2931.300,2595.746,2641.676,33451472000,455867180000.000
20210226,2621.835,2770.853,2514.145,2666.152,18774795000,273590400000.000
20210331,2673.976,2797.421,2625.471,2679.637,23930932000,311403800000.000
20210409,2681.680,2766.286,2676.792,2744.058,5562502400,74832453000.000
