20070831,1002.783,1170.422,932.081,1170.422,7484512800,97537723000.000
20070928,1186.785,1359.812,1186.785,1271.353,7246374000,116756072000.000
20071031,1287.994,1287.994,1056.963,1146.081,5037138800,79151422000.000
20071130,1143.524,1143.524,1030.705,1096.207,3209832100,50157512000.000
20071228,1086.473,1293.055,1086.473,1280.325,4062535100,69506209000.000
20080131,1285.189,1407.835,1129.742,1129.742,5365710500,92544009000.000
20080229,1128.309,1253.541,1083.680,1229.564,2447081300,38552519000.000
20080331,1225.515,1274.124,922.169,984.897,3833247800,54823663000.000
20080430,982.700,1005.176,786.152,944.405,4893146000,60435621000.000
20080530,956.979,985.934,879.751,896.256,4192198600,50635616000.000
20080630,896.553,902.884,623.309,642.564,2759716600,24337582000.000
20080731,647.278,735.031,615.719,695.235,4728352800,39603183000.000
20080829,692.804,706.251,508.374,527.567,2129272500,14087034000.000
20080926,524.542,528.212,448.357,509.423,2158911900,10988321500.000
20081031,502.585,502.585,374.950,374.950,2421553600,10796800700.000
20081128,372.022,476.135,363.375,429.306,4694800100,20285496000.000
20081231,424.747,510.835,424.747,432.881,5104988400,25160621000.000
20090123,439.296,494.281,439.296,490.211,3310295400,14756545000.000
20090227,495.094,651.841,495.094,550.292,9202781700,50791356000.000
20090331,542.440,679.762,542.440,679.762,8620247800,50022585000.000
20090430,681.174,746.762,660.707,699.143,8636905400,56632442000.000
20090527,698.514,761.067,698.514,736.056,6197298200,42065353000.000
20090630,740.618,843.300,740.618,830.966,7377894500,52147384000.000
20090731,828.017,949.293,828.017,915.813,11038264600,82757821000.000
20090831,916.986,977.877,759.283,773.897,7922109500,64466109000.000
20090930,762.787,888.297,759.552,769.489,6541750900,49464031000.000
20091030,781.789,871.257,781.789,830.615,3888255800,28181730000.000
20091130,817.355,980.521,817.355,934.237,8188325000,63491019000.000
20091231,934.488,977.240,884.558,957.281,6324474500,50750762000.000
20100129,964.180,1046.198,935.802,957.504,6824268400,58234542000.000
20100226,952.033,1040.085,938.798,1038.791,4671641000,39569562000.000
20100331,1038.779,1085.781,1015.770,1063.544,6814550300,59961263000.000
20100430,1064.638,1133.291,992.086,992.086,6785327600,65061399000.000
20100531,974.254,1013.936,812.068,867.176,5241503800,41787246000.000
20100630,865.664,912.749,797.247,797.247,4138307400,31554645000.000
20100730,789.969,907.693,768.674,903.017,5416135300,40202933000.000
20100831,903.662,955.438,900.793,945.320,6875550100,56406103000.000
20100930,944.709,970.253,915.088,926.701,6841788400,55126733000.000
20101029,931.176,1081.964,931.176,1067.154,11852974100,97907401000.000
20101130,1069.063,1129.810,981.481,985.141,10286659200,95742468000.000
20101231,984.134,1014.234,931.761,963.898,7373366000,57142344000.000
20110131,969.125,983.071,890.936,942.174,6135192600,45416178000.000
20110228,942.725,1015.038,928.882,1014.000,5818509700,45118268000.000
20110331,1014.589,1034.716,989.442,994.522,8750511300,65427733000.000
20110429,993.520,1046.473,959.717,978.927,8043549300,58029470000.000
20110531,981.440,1001.857,886.540,907.354,4780608100,33522861000.000
20110630,908.987,938.934,875.051,932.307,3549531400,23984447000.000
20110729,934.757,978.569,921.889,938.010,5509026700,41299471000.000
20110831,936.834,945.022,823.025,872.194,5239472000,36409379000.000
20110930,874.066,876.914,757.146,762.973,2694000100,16989551000.000
20111031,767.868,793.731,725.747,782.313,2409670700,13218894200.000
20111130,776.719,810.358,718.181,723.014,3604127800,21118520000.000
20111230,739.410,744.467,616.963,634.643,2488452700,11889389000.000
20120131,641.940,675.186,604.912,661.370,2292497900,10605873000.000
20120229,660.815,746.988,654.175,725.010,4255282600,21688646000.000
20120330,723.546,751.603,661.327,672.671,3927016600,21418205000.000
20120427,673.206,730.766,670.506,716.806,3117068300,15464009000.000
20120531,726.349,757.374,691.282,718.398,7725988700,34554776000.000
20120629,720.617,730.683,657.041,673.916,4510051500,20337758000.000
20120731,673.347,684.791,622.091,623.916,5008145000,25140912000.000
20120831,620.865,654.254,589.461,599.229,5084129600,20444472000.000
20120928,597.251,625.053,561.800,585.866,3459535100,14846022000.000
20121031,591.298,625.237,584.815,591.768,4231778100,13880329000.000
20121130,592.359,605.055,533.061,543.435,3116846200,11393195000.000
20121231,542.348,604.909,535.645,603.524,6007550500,22463210000.000
20130131,606.054,633.443,588.787,631.843,6580570500,26847291000.000
20130228,629.145,639.439,613.527,626.347,3651690200,15354767000.000
20130329,625.810,631.823,594.467,605.470,4968872800,19983196000.000
20130426,602.269,607.948,570.968,572.309,3964551600,21437179000.000
20130531,570.617,596.058,566.953,589.063,3869869700,19622925000.000
20130628,588.433,590.180,459.166,480.839,2680664200,10316152400.000
20130731,482.453,505.949,468.747,485.353,3508742900,12904935200.000
20130830,485.819,656.211,485.668,650.700,8479749400,33051647000.000
20130930,664.104,698.016,582.616,608.759,22707185000,113007920000.000
20131031,609.631,676.520,576.384,611.924,10805717800,54439793000.000
20131129,602.072,687.521,584.205,674.296,11964169200,62074941000.000
20131231,659.326,693.757,614.886,630.726,10084680900,50167019000.000
20140130,629.464,632.705,565.051,586.615,4287685400,20218560000.000
20140228,583.277,641.756,581.881,594.858,5735197900,29812918000.000
20140331,593.734,629.122,574.663,612.421,7690161100,37296623000.000
20140430,611.001,642.582,580.848,610.743,10662069100,47814905000.000
20140530,610.550,625.403,594.398,597.406,9378299300,41872808000.000
20140630,597.904,627.885,587.285,620.689,8510993700,38398777000.000
20140731,619.647,666.053,616.499,656.057,13718126000,54401511000.000
20140829,655.072,721.083,645.421,689.948,16277916000,71076896000.000
20140930,689.104,824.233,687.286,815.837,27549743000,140870690000.000
20141031,820.973,889.223,759.416,873.636,17420631000,103240456000.000
20141128,881.531,971.634,879.764,954.620,28501215000,179751050000.000
20141231,958.438,1174.843,913.923,1027.471,46529782000,343438130000.000
20150130,1028.802,1085.229,951.272,1023.133,25900490000,195065720000.000
20150227,1008.114,1075.216,963.550,1075.026,11302473300,84798511000.000
20150331,1077.675,1328.852,1062.164,1299.049,37558825000,308842030000.000
20150430,1299.541,1693.606,1296.540,1631.881,59981361000,613392900000.000
20150529,1632.320,1793.259,1375.857,1618.436,46530356000,519446190000.000
20150630,1625.283,1985.052,1365.704,1590.503,53719072000,642254970000.000
20150731,1559.121,1607.753,926.763,1241.337,48731439000,428399490000.000
20150831,1225.845,1550.284,959.593,1123.414,23739102000,215970230000.000
20150930,1095.703,1108.924,927.033,1017.546,12638093200,88715318000.000
20151030,1047.410,1284.282,1040.440,1261.443,16083529000,126942222000.000
20151130,1234.763,1348.382,1128.227,1193.214,16408113000,147073290000.000
20151231,1199.239,1267.442,1164.933,1181.130,14867134000,143906540000.000
20160129,1178.722,1179.767,729.396,773.848,13207275700,102437999000.000
20160229,772.857,895.401,747.475,764.019,11521528000,84981898000.000
20160331,766.693,925.651,750.355,918.242,18829009000,128313413000.000
20160429,913.583,960.889,851.421,863.205,15708189000,112105213000.000
20160531,863.589,894.808,779.783,818.971,8118754800,51756705000.000
20160630,817.370,831.555,770.903,820.797,7470325400,46819394000.000
20160729,821.050,886.900,813.610,851.647,11596630300,71562317000.000
20160831,853.743,883.822,836.128,862.831,10508811400,63710883000.000
20160930,873.484,889.272,846.929,856.511,7554493100,48448005000.000
20161031,860.571,914.548,860.571,887.894,8812710000,56844862000.000
20161130,887.762,1006.477,883.093,955.324,22283504000,133760119000.000
20161230,955.466,965.373,882.293,911.125,11316442600,71654794000.000
20170126,911.800,942.182,853.169,905.866,7354778100,51212463000.000
20170228,905.665,989.545,899.072,964.823,13243047400,85014307000.000
20170331,965.202,1106.777,940.671,1023.762,20799735000,142356890000.000
20170428,1031.111,1146.469,971.636,1024.751,26946903000,217312140000.000
20170531,1023.543,1051.073,901.419,942.393,18293239000,147192480000.000
20170630,938.149,1004.290,898.039,973.339,15165646000,132956829000.000
20170731,975.232,1005.338,929.285,1002.227,13946849000,105087625000.000
20170831,1000.402,1041.694,995.223,1030.456,17074768000,124455166000.000
20170929,1030.698,1035.075,966.361,969.928,11580828200,89818486000.000
20171031,977.256,1016.978,964.031,994.540,9993329100,72309563000.000
20171130,989.975,989.975,885.108,902.162,10338449800,72743813000.000
20171229,900.852,922.227,856.892,873.545,6021013800,38334249000.000
20180131,872.687,931.027,872.099,896.898,9632541100,65566144000.000
20180228,895.979,899.104,763.590,837.239,5341438600,35097614000.000
20180330,831.996,881.247,770.161,819.550,7267021700,49748022000.000
20180427,817.046,841.765,796.265,805.867,5629976300,43899245000.000
20180531,803.012,842.524,785.645,798.193,7350263900,52869057000.000
20180629,794.087,798.510,655.053,685.523,5166220800,28854224000.000
20180731,683.959,696.583,632.432,681.547,5165291600,25599818000.000
20180831,681.877,696.467,640.344,647.816,5397070100,26095111000.000
20180928,647.579,661.190,626.591,660.840,3073317500,14247384000.000
20181031,655.744,660.217,570.130,615.853,4667631600,20651067000.000
20181130,616.343,661.483,616.011,630.921,5880873900,25896554000.000
20181228,648.651,655.086,592.528,596.639,4207318000,19132213000.000
20190131,599.018,633.182,581.450,583.042,8939715200,38486702000.000
20190228,584.874,710.893,584.874,692.851,12063409400,56485783000.000
20190329,694.139,835.561,684.898,805.259,27170151000,141997360000.000
20190430,802.678,884.293,760.557,779.896,26521507000,155867930000.000
20190531,746.181,754.883,697.143,716.126,11668962400,56540737000.000
20190628,718.198,732.034,678.670,721.844,9513143700,42824826000.000
20190731,733.836,743.915,699.748,712.759,9008551300,43601172000.000
20190830,710.282,714.559,647.816,693.136,8713460100,41809636000.000
20190930,693.303,728.955,680.799,681.167,8082252200,37773756000.000
20191031,682.597,735.607,677.453,682.976,8348864100,41764021000.000
20191129,681.346,698.005,666.509,677.047,5864783300,28335567000.000
20191231,678.276,726.132,672.504,723.251,8416694400,45315726000.000
20200123,726.184,734.379,681.642,685.199,7435322200,40529198000.000
20200228,617.275,658.662,566.438,613.504,10761986200,46859907000.000
20200331,614.891,687.305,608.358,634.748,17671404000,84589575000.000
20200430,629.941,652.144,612.161,630.268,10451323400,53679292000.000
20200529,621.693,636.252,605.311,617.697,7125384300,35246425000.000
20200630,617.466,646.198,613.712,632.423,8960088100,43943787000.000
20200731,632.037,766.449,630.602,719.458,22822472000,109763679000.000
20200831,723.517,782.149,723.517,744.690,17634109000,94947870000.000
20200930,743.497,755.933,694.607,697.544,12469526300,57177545000.000
20201030,705.305,730.703,681.311,681.954,5826602800,29045007000.000
20201130,683.245,800.863,676.163,762.494,28444466000,141742090000.000
20201231,759.928,779.234,708.520,762.129,17746877000,96064434000.000
20210129,766.938,795.373,707.248,712.058,20994899000,144231310000.000
20210226,708.250,753.785,676.870,725.751,11184939700,64752488000.000
20210331,727.879,777.396,721.172,767.198,19387916000,111471080000.000
20210409,765.363,792.814,756.675,773.539,5722450300,42544280000.000
