20070831,1004.223,1237.890,921.743,1237.890,4029186200,56527827000.000
20070928,1277.997,1351.515,1226.218,1277.573,3657968600,63141127000.000
20071031,1301.184,1301.184,1022.170,1142.823,1834472500,29124655000.000
20071130,1141.364,1141.364,1020.084,1109.030,1250610190,16970406000.000
20071228,1116.185,1346.861,1107.604,1336.195,1983620400,30607795000.000
20080131,1342.981,1458.929,1167.741,1167.741,2965700700,52255762000.000
20080229,1168.563,1328.840,1110.086,1328.840,1271235990,20729104000.000
20080331,1325.768,1456.514,1070.526,1138.021,3505793400,57252922000.000
20080430,1140.945,1152.623,880.083,1152.623,3331131400,41036629000.000
20080530,1165.988,1201.603,1030.989,1063.531,2743277700,36110604000.000
20080630,1063.567,1090.771,737.261,773.343,1775364900,18344147000.000
20080731,776.763,907.669,751.435,843.136,2513141100,24689965000.000
20080829,840.376,859.418,589.282,621.588,1388786400,11760185800.000
20080926,615.083,620.576,513.790,599.272,1533858600,9891202700.000
20081031,586.150,589.849,437.656,442.951,1273927950,7165639500.000
20081128,445.284,593.290,444.679,542.148,2730526300,15051654000.000
20081231,541.663,660.059,541.663,555.105,3646698700,23592466000.000
20090123,565.368,666.499,565.368,657.615,2091341200,14259004000.000
20090227,662.724,829.600,662.724,688.083,4304202600,34881690000.000
20090331,684.228,841.688,684.228,841.688,3461318100,29272395000.000
20090430,845.523,926.647,825.447,875.545,4273488400,40510692000.000
20090527,877.446,960.684,877.446,951.732,3799724600,38665300000.000
20090630,956.971,996.465,952.745,979.935,3109203700,32190320000.000
20090731,976.451,1120.685,976.451,1097.132,4852074500,53475688000.000
20090831,1100.497,1130.870,872.209,872.209,2960911000,32802356000.000
20090930,863.428,1027.547,861.008,897.539,3149552500,33648202000.000
20091030,913.209,1028.583,913.209,998.953,1945659400,20251813000.000
20091130,978.390,1238.140,978.390,1188.923,4918345600,54363647000.000
20091231,1195.816,1267.087,1121.148,1205.141,4065499900,48184050000.000
20100129,1210.628,1240.759,1110.884,1120.943,2676568400,32140042000.000
20100226,1116.391,1233.848,1082.646,1233.848,2466357100,24950048000.000
20100331,1235.635,1342.587,1210.739,1340.590,3556378500,45791529000.000
20100430,1343.358,1413.131,1239.223,1239.223,3833492400,55624100000.000
20100531,1206.666,1260.511,1024.727,1134.916,2078551800,28632504000.000
20100630,1134.759,1160.121,996.249,996.249,1865652400,23950397000.000
20100730,993.024,1119.859,955.436,1116.497,2926735800,31166864000.000
20100831,1118.338,1185.194,1114.150,1173.978,3235345500,39030675000.000
20100930,1175.794,1220.776,1153.939,1180.818,3099494900,35308091000.000
20101029,1190.151,1335.764,1190.151,1324.550,3917002400,49738444000.000
20101130,1327.830,1450.344,1302.721,1354.173,4725176100,59812650000.000
20101231,1354.769,1433.839,1290.542,1325.651,3115443500,38379674000.000
20110131,1332.599,1354.246,1164.038,1308.591,1738384700,22046022000.000
20110228,1320.352,1387.947,1282.318,1385.406,2466310700,30755426000.000
20110331,1390.620,1396.289,1308.681,1311.040,2942709100,36022902000.000
20110429,1308.274,1355.124,1218.698,1251.613,1732845200,20431315000.000
20110531,1249.141,1264.760,1158.113,1180.272,1187014400,13879936000.000
20110630,1176.863,1200.445,1093.995,1168.198,1277132550,14853040000.000
20110729,1169.921,1256.605,1163.709,1186.178,1881182600,24598173000.000
20110831,1185.633,1208.456,1051.424,1170.957,1961730500,22933077000.000
20110930,1172.350,1178.718,1035.521,1043.292,1049432250,10326718700.000
20111031,1041.460,1164.024,998.248,1154.152,1689512500,16536174000.000
20111130,1137.230,1208.421,1082.565,1101.717,2657847100,27346260000.000
20111230,1133.165,1143.721,928.594,957.314,1664208800,15833292000.000
20120131,964.592,971.152,855.976,922.209,1201626480,11647966900.000
20120229,921.658,1056.809,916.864,1032.666,2768615300,26598304000.000
20120330,1029.464,1080.996,922.237,931.478,2126539900,21349251000.000
20120427,935.677,1025.983,935.112,1012.641,1903518100,15999380000.000
20120531,1027.267,1089.045,1000.774,1058.630,2957789200,29420387000.000
20120629,1060.100,1074.619,975.673,1001.016,1935783400,18904505000.000
20120731,1006.864,1025.857,908.320,909.436,1463052000,15257403000.000
20120831,906.707,970.577,904.617,919.050,1458347200,14721840000.000
20120928,912.616,978.119,873.275,909.762,1573931600,16271390000.000
20121031,906.950,935.255,887.247,915.018,1268428570,12600072800.000
20121130,911.357,929.082,798.707,811.614,1653959700,15185525000.000
20121231,812.425,940.902,784.363,940.902,2083992900,18831370000.000
20130131,944.444,1001.520,926.882,973.337,2786579300,25607572000.000
20130228,968.470,1132.602,966.912,1113.981,3411615300,31478604000.000
20130329,1109.896,1248.917,1083.389,1144.331,9389582400,88637695000.000
20130426,1142.900,1187.881,1079.352,1090.506,5771009400,51769175000.000
20130531,1085.653,1297.129,1083.080,1276.471,7756763200,65842221000.000
20130628,1272.884,1279.631,988.704,1128.507,4075518700,37105217000.000
20130731,1130.288,1185.878,1048.378,1131.205,5731783400,43903250000.000
20130830,1141.564,1193.296,1133.984,1141.436,5146546500,41605263000.000
20130930,1139.393,1205.089,1114.582,1186.435,4432535000,35191376000.000
20131031,1186.209,1389.529,1185.361,1259.441,8306572200,69174094000.000
20131129,1255.293,1316.394,1206.512,1300.166,5360571500,45417422000.000
20131231,1285.669,1311.049,1197.848,1230.167,4279297800,35928142000.000
20140130,1229.620,1236.522,1127.337,1189.305,2594825800,20196577000.000
20140228,1186.506,1303.734,1183.292,1234.085,3219643800,27964547000.000
20140331,1231.548,1281.323,1145.714,1151.174,2709466300,22828885000.000
20140430,1154.013,1201.098,1084.533,1117.444,2069577800,15712915000.000
20140530,1115.608,1150.804,1095.644,1132.268,1692066100,15364231000.000
20140630,1133.933,1181.379,1113.288,1149.364,2698685300,23372662000.000
20140731,1149.300,1200.355,1132.157,1200.292,3061710500,24316199000.000
20140829,1195.617,1286.252,1183.993,1250.191,4619688100,37782839000.000
20140930,1251.503,1410.321,1251.503,1407.765,7010395500,56237062000.000
20141031,1415.578,1479.535,1390.079,1465.196,4832612400,43448137000.000
20141128,1466.815,1659.702,1454.577,1636.427,7053073000,69280260000.000
20141231,1638.924,1777.489,1557.079,1673.560,17065850000,169540600000.000
20150130,1670.691,1750.877,1562.178,1676.792,7559246400,78755565000.000
20150227,1651.640,1856.419,1636.607,1852.376,4602659600,51186927000.000
20150331,1914.801,2078.913,1835.805,2050.910,11777970100,140322070000.000
20150430,2051.730,2478.459,2051.730,2418.593,15864434000,218370160000.000
20150529,2419.439,2901.923,2161.849,2598.922,13424953000,195446670000.000
20150630,2613.216,3283.003,2084.973,2425.730,14282739000,235625550000.000
20150731,2388.997,2498.501,1498.680,2098.845,15117063000,167642990000.000
20150831,2081.954,2541.767,1635.487,1830.137,11176599800,130852986000.000
20150930,1795.974,1839.498,1536.158,1734.128,6285639500,60716060000.000
20151030,1793.842,2182.616,1778.235,2090.694,8994625300,101925576000.000
20151130,2045.335,2351.300,2010.218,2161.726,10639506800,135203450000.000
20151231,2159.282,2324.010,2108.833,2246.604,6297473100,84203866000.000
20160129,2239.962,2239.962,1372.878,1450.581,4683228900,46965493000.000
20160229,1450.581,1673.438,1416.524,1477.535,4435930800,40023534000.000
20160331,1476.507,1738.350,1445.864,1726.632,7601834800,68829085000.000
20160429,1716.508,1807.471,1660.801,1685.006,5264958300,54791899000.000
20160531,1683.256,1744.625,1524.922,1615.315,3822408600,38837467000.000
20160630,1615.449,1655.033,1554.863,1645.773,4141333300,40332184000.000
20160729,1647.102,1760.081,1638.885,1688.097,5691535300,53849176000.000
20160831,1681.410,1867.977,1647.270,1832.177,9444712500,80683273000.000
20160930,1831.363,1953.615,1801.468,1887.917,11295917000,105142740000.000
20161031,1905.328,1974.387,1905.328,1933.853,6229727700,62777379000.000
20161130,1935.925,2033.981,1914.280,1954.231,9059756300,94877924000.000
20161230,1959.515,1967.838,1795.622,1827.766,4536143000,44000851000.000
20170126,1832.234,1881.885,1688.087,1781.273,3593517400,36135770000.000
20170228,1782.263,1897.887,1766.259,1885.452,5183291900,52885054000.000
20170331,1883.148,1919.756,1852.343,1861.424,7954321300,86061383000.000
20170428,1892.555,2060.406,1808.208,1905.922,15381949000,151462110000.000
20170531,1900.146,1949.145,1748.143,1806.888,17181319000,202728590000.000
20170630,1796.732,1852.848,1724.372,1825.960,11040498400,126700882000.000
20170731,1827.307,1848.412,1646.009,1717.411,7736656400,79909061000.000
20170831,1717.991,1789.116,1697.651,1775.267,9278157100,93387058000.000
20170929,1776.338,1783.316,1724.535,1737.451,6721175900,65104844000.000
20171031,1749.833,1806.102,1686.306,1713.106,4467636500,45510451000.000
20171130,1712.686,1718.185,1571.762,1620.358,4987638900,48827386000.000
20171229,1615.038,1751.961,1531.849,1670.664,7284021400,80673933000.000
20180131,1668.719,1741.240,1591.998,1596.752,8762065400,113378883000.000
20180228,1594.880,1604.379,1357.042,1491.563,3448381300,39428969000.000
20180330,1486.504,1586.424,1400.177,1529.214,7966006000,90480734000.000
20180427,1529.138,1551.916,1452.838,1466.753,4357471800,52720937000.000
20180531,1470.807,1616.343,1424.504,1451.447,5858978600,75637154000.000
20180629,1446.434,1497.540,1209.388,1262.673,3848685300,39099673000.000
20180731,1263.277,1337.442,1186.213,1305.717,4938947600,46424702000.000
20180831,1304.479,1319.577,1189.341,1200.160,6298556300,61912148000.000
20180928,1198.176,1300.930,1182.550,1267.446,8908132700,71963572000.000
20181031,1252.247,1296.435,1071.285,1157.667,7682257500,65208801000.000
20181130,1159.903,1319.346,1155.619,1199.669,14007550000,102400392000.000
20181228,1226.597,1270.588,1129.169,1139.915,8127032900,56138623000.000
20190131,1143.386,1192.120,1056.884,1061.409,7266392000,48897694000.000
20190228,1062.857,1279.822,1062.857,1259.408,7721122200,51566856000.000
20190329,1261.295,1390.601,1248.481,1333.868,18142562000,138240780000.000
20190430,1335.202,1420.493,1238.492,1258.907,12261699100,90431155000.000
20190531,1226.212,1226.212,1147.614,1204.459,5776703500,37531299000.000
20190628,1200.658,1244.236,1145.635,1220.943,6716881700,44751031000.000
20190731,1249.555,1279.217,1155.238,1172.663,6427692400,46425863000.000
20190830,1168.677,1172.415,1073.028,1119.434,4272035800,28372021000.000
20190930,1121.462,1216.470,1121.462,1168.503,5976531000,46820599000.000
20191031,1169.707,1235.282,1169.707,1204.617,5725012500,52843381000.000
20191129,1199.512,1231.527,1125.146,1132.406,4232743100,38943171000.000
20191231,1132.819,1184.558,1118.298,1178.125,4786666000,40660285000.000
20200123,1183.111,1219.721,1127.667,1134.881,4886601300,40080112000.000
20200228,1025.882,1134.884,958.859,1060.856,7309222900,50193494000.000
20200331,1064.352,1161.032,1031.561,1048.745,9270836700,63017484000.000
20200430,1045.192,1091.889,1022.852,1063.635,5747250000,40769531000.000
20200529,1054.393,1070.105,1040.413,1060.561,4495648900,34275082000.000
20200630,1060.745,1077.261,1041.063,1073.829,4759703100,34313269000.000
20200731,1075.797,1266.019,1067.826,1244.986,13878826000,103483642000.000
20200831,1252.213,1309.665,1237.083,1268.108,10379678300,82113581000.000
20200930,1268.749,1273.879,1159.667,1163.925,6440696600,55482914000.000
20201030,1178.023,1255.506,1178.023,1187.138,4769935100,41342726000.000
20201130,1183.609,1257.738,1179.612,1216.069,6839563700,56899360000.000
20201231,1215.286,1251.543,1151.552,1208.081,8506266400,68247086000.000
20210129,1201.835,1206.399,1051.386,1059.080,6104751000,43870405000.000
20210226,1053.979,1100.772,1007.341,1077.754,3814195300,26723782000.000
20210331,1082.046,1304.022,1068.436,1286.982,10776423200,88820395000.000
20210409,1279.996,1300.080,1252.808,1261.825,3817683100,39961840000.000
