20070831,1006.097,1103.039,926.353,1098.928,1104643340,14009828000.000
20070928,1119.780,1167.550,1051.238,1135.256,959580690,13546534000.000
20071031,1151.968,1151.968,867.128,983.449,479765070,6398535100.000
20071130,989.431,989.431,863.370,909.124,354542770,5850160200.000
20071228,907.156,1128.565,907.156,1114.772,502307000,7143027700.000
20080131,1114.772,1265.836,1055.165,1076.142,456555070,6978898000.000
20080229,1064.167,1189.476,1024.184,1182.137,312219520,5074412400.000
20080331,1175.734,1202.353,913.229,923.315,433272610,5189973100.000
20080430,923.844,923.844,730.197,899.503,353892790,3782970600.000
20080530,910.124,943.259,816.764,823.191,396370120,4519339500.000
20080630,819.844,845.289,636.553,649.694,173370050,1770440300.000
20080731,651.708,808.775,642.195,772.272,409061670,3526196800.000
20080829,765.811,790.253,670.034,701.469,490916430,3347034700.000
20080926,697.243,697.243,594.585,648.682,330548260,2147282500.000
20081030,646.385,646.385,532.313,559.547,306339850,1725704300.000
20081128,554.488,681.604,539.279,564.383,658937600,3286125000.000
20081231,565.229,696.518,565.229,624.273,990666790,5848279800.000
20090123,635.091,729.540,635.091,721.250,577541110,3581519000.000
20090227,726.954,981.838,726.954,801.744,1658962200,12344176100.000
20090331,782.623,976.733,782.623,976.733,1358333300,10405824100.000
20090430,979.440,1114.706,959.987,1066.384,1449683600,12896266200.000
20090527,1066.488,1120.686,1032.279,1055.517,1071840850,9648692500.000
20090630,1058.586,1099.680,1045.390,1054.169,1168454840,10013931200.000
20090731,1051.241,1216.211,1051.241,1195.133,1784845200,15899304000.000
20090831,1200.926,1249.480,962.563,997.038,1295773390,11447902100.000
20090930,983.258,1224.748,983.258,1060.633,1295515550,11146597900.000
20091030,1074.955,1220.919,1074.955,1220.919,953969500,8574890100.000
20091130,1191.579,1421.811,1191.579,1319.126,2009865400,21341004000.000
20091231,1320.604,1433.743,1282.669,1405.791,1411310300,15746220000.000
20100129,1415.282,1529.295,1314.190,1332.760,1270538130,13630535000.000
20100226,1312.143,1407.136,1279.003,1406.703,541271920,5552347300.000
20100331,1408.887,1534.412,1381.251,1534.412,1259648800,14323320000.000
20100430,1538.308,1661.512,1401.532,1401.532,1242351360,15449867000.000
20100531,1377.929,1445.063,1162.158,1291.730,928018150,8922311500.000
20100630,1276.331,1377.957,1202.360,1202.360,834495420,8048825400.000
20100730,1200.887,1399.833,1185.818,1397.077,1310360020,12547785500.000
20100831,1404.631,1560.213,1369.660,1560.213,1429825200,14632798000.000
20100930,1561.398,1622.673,1472.011,1497.642,1124136120,12159372900.000
20101029,1510.933,1606.968,1478.319,1599.700,1055028150,10628897600.000
20101130,1601.600,1710.050,1551.079,1630.306,1758717900,19791611000.000
20101231,1617.275,1700.480,1527.541,1599.228,924633120,10364956300.000
20110131,1604.571,1635.809,1445.211,1531.288,459080910,4968766400.000
20110228,1532.512,1731.802,1525.882,1730.873,672070290,7570406800.000
20110331,1735.099,1771.275,1656.104,1656.497,1129951750,12437579700.000
20110429,1658.559,1718.684,1585.630,1619.910,942327320,9986378200.000
20110531,1621.021,1671.624,1442.906,1478.521,843637680,8285997900.000
20110630,1478.304,1619.830,1415.262,1523.340,870953280,7944782700.000
20110729,1524.113,1680.480,1510.880,1543.356,1261174090,13639752000.000
20110831,1539.695,1588.354,1355.392,1487.148,1006750790,10436606700.000
20110930,1488.113,1499.833,1297.921,1308.435,638552820,5478535400.000
20111031,1314.832,1392.966,1227.597,1383.594,587135030,4761525100.000
20111130,1369.385,1453.152,1243.862,1257.177,721834910,6624120500.000
20111230,1292.663,1302.078,1018.922,1063.197,374613220,2847666200.000
20120131,1076.459,1117.934,980.932,1090.606,324598440,2351805100.000
20120229,1086.929,1251.480,1078.971,1216.398,728703330,5466378200.000
20120330,1209.595,1360.180,1147.021,1163.742,962459530,7801962600.000
20120427,1172.172,1354.840,1170.457,1302.873,1081992790,8336010300.000
20120531,1315.783,1394.741,1257.645,1327.248,1078597140,8946028800.000
20120629,1323.664,1328.816,1192.425,1229.977,559520220,4473690500.000
20120731,1228.200,1235.137,1053.935,1054.386,663080090,4904008700.000
20120831,1052.628,1159.794,1036.019,1052.384,696046650,4912268300.000
20120928,1045.806,1124.923,988.291,1026.919,542781680,3688685500.000
20121031,1025.275,1064.603,994.758,1016.976,366158490,2405847700.000
20121130,1015.196,1038.322,879.549,894.502,480170170,3024387100.000
20121231,938.332,1113.034,866.839,1070.967,1210335760,7843122200.000
20130131,1080.800,1152.184,1073.376,1113.599,1211772490,10192306000.000
20130228,1110.258,1162.825,1099.075,1133.578,733213180,6150653700.000
20130329,1132.633,1166.199,1041.074,1061.112,980371620,7365603800.000
20130426,1058.989,1085.146,1016.191,1024.434,597346680,3852892600.000
20130531,1021.360,1373.012,1016.494,1338.271,1666172500,12427965100.000
20130628,1327.416,1336.784,1002.735,1080.786,1912478000,13804969000.000
20130731,1083.848,1198.923,1066.166,1166.290,2591145500,18120130000.000
20130830,1165.623,1602.038,1162.207,1539.454,4573755300,36021174000.000
20130930,1563.700,1673.920,1477.394,1561.427,4754188600,47807013000.000
20131031,1541.721,1791.167,1507.572,1555.677,3209046700,36152101000.000
20131129,1548.040,1689.807,1478.304,1625.871,2249116200,24206135000.000
20131231,1576.281,1624.019,1486.979,1575.215,1790541500,17675441000.000
20140130,1569.466,1677.438,1457.911,1667.562,2156177100,20773046000.000
20140228,1657.093,1929.497,1639.954,1752.359,3449622000,37788790000.000
20140331,1745.678,1853.287,1662.045,1673.886,3063583300,33375523000.000
20140430,1667.781,1843.199,1561.292,1637.873,2614449500,27866494000.000
20140530,1633.537,1688.431,1604.500,1652.502,1668972700,17531569000.000
20140630,1652.915,1733.706,1612.347,1729.363,1791733100,19096172000.000
20140731,1728.786,1810.577,1696.195,1809.832,2619935200,25196244000.000
20140829,1808.151,1996.952,1774.632,1930.125,4170851300,46196809000.000
20140930,1931.365,2249.981,1931.090,2245.545,6408728400,72886467000.000
20141031,2260.782,2315.750,2074.877,2303.899,4478629200,49318001000.000
20141128,2324.634,2443.486,2181.841,2423.330,5811976800,66527392000.000
20141231,2419.937,2649.890,2308.353,2345.572,8530465300,104747321000.000
20150130,2355.579,2694.738,2308.244,2630.093,5547712800,74391436000.000
20150227,2609.825,3083.941,2588.166,3083.583,4287749800,67379361000.000
20150331,3103.716,4212.245,3089.387,4173.868,10700099600,182137390000.000
20150430,4168.911,4817.392,4161.085,4667.293,9928782900,185050810000.000
20150529,4665.251,6263.728,4267.538,5779.991,8703965500,189959980000.000
20150630,5839.367,7674.828,5374.694,6149.657,9228643700,198105330000.000
20150731,6147.735,7282.329,3891.507,6372.188,8420734600,135567430000.000
20150831,6258.763,7645.648,4737.002,5214.039,6876765100,124601761000.000
20150930,5090.205,5733.519,4462.927,5509.287,4905005500,77512593000.000
20151030,5724.797,7158.566,5668.732,6636.772,6392119600,132810886000.000
20151130,6406.436,7890.936,6385.745,7177.152,7617476400,167176130000.000
20151231,7112.198,7571.358,6721.590,7069.364,7200692800,138276460000.000
20160129,7058.928,7061.285,4521.807,4846.997,4427562500,72756955000.000
20160229,4827.609,5642.559,4669.590,4768.988,3205683700,51930509000.000
20160331,4729.714,5617.223,4611.050,5533.306,4950770800,77863453000.000
20160429,5538.839,5855.508,5238.714,5483.952,3641730300,63102484000.000
20160531,5469.937,5718.936,5000.053,5479.819,3043644800,52053996000.000
20160630,5486.777,5992.627,5336.679,5956.677,6021294300,86909174000.000
20160729,5985.269,6285.073,5667.120,5753.049,6885170800,105421938000.000
20160831,5721.544,6271.838,5587.306,6065.638,5696701400,88047686000.000
20160930,6059.021,6114.466,5693.450,5811.363,3517211600,59122930000.000
20161031,5851.250,6351.779,5833.850,6170.087,4647902600,82009099000.000
20161130,6169.573,6472.288,6149.074,6258.942,6658640000,117206550000.000
20161230,6249.962,6298.733,5553.830,5653.683,5144311300,73291024000.000
20170126,5672.601,5860.032,5047.633,5380.934,3645287600,52379550000.000
20170228,5393.888,6051.208,5339.040,6025.817,3916568900,67997391000.000
20170331,6088.753,6088.753,5545.591,5579.730,5100599800,101616867000.000
20170428,5632.256,5783.197,5004.417,5190.482,5084856100,74983693000.000
20170531,5178.948,5232.247,4648.391,4843.862,3498556100,51042115000.000
20170630,4812.299,5146.115,4650.173,5053.900,4444725500,60502148000.000
20170731,5057.503,5133.947,4745.558,4999.469,4774191400,58702892000.000
20170831,5008.347,5305.815,4978.230,5283.854,5318444900,78833694000.000
20170929,5284.877,5504.079,5239.601,5373.461,5607619700,80928842000.000
20171031,5418.529,6133.963,5399.566,5746.891,7716980100,128676579000.000
20171130,5709.847,5755.863,4873.901,4988.037,6252006000,95535192000.000
20171229,4975.111,5015.161,4743.943,4900.197,3792197600,49328198000.000
20180131,4906.235,5068.965,4809.108,4837.653,5032197900,71584429000.000
20180228,4827.486,4843.910,4118.517,4524.015,3218364600,48057094000.000
20180330,4481.123,4901.495,4166.093,4605.033,5523176800,83945386000.000
20180427,4600.440,4812.053,4442.021,4535.102,4686729400,77774958000.000
20180531,4534.869,4994.199,4497.019,4770.630,5042715300,87529927000.000
20180629,4786.044,4942.255,3979.728,4162.713,5249134000,96054759000.000
20180731,4155.157,4176.290,3744.101,3991.187,5226936800,63599595000.000
20180831,4049.574,4075.496,3512.909,3545.310,5924927000,74303630000.000
20180928,3530.903,3790.842,3423.156,3768.189,5703222500,57834850000.000
20181031,3690.778,3717.046,2983.775,3226.757,8933731400,64155092000.000
20181130,3233.997,3690.710,3228.866,3355.892,13064396500,93336341000.000
20181228,3452.415,3489.902,3102.517,3108.030,6423994000,44936831000.000
20190131,3111.375,3233.326,2914.215,2934.713,5727909500,40588354000.000
20190228,2947.184,3605.539,2947.184,3558.138,7741573900,55200257000.000
20190329,3563.320,3956.249,3507.722,3826.190,14986394000,120217006000.000
20190430,3861.588,4403.111,3824.311,3892.257,21951723000,182178090000.000
20190531,3752.780,3752.780,3314.112,3401.102,11591279000,84606597000.000
20190628,3488.567,3530.487,3114.696,3319.405,8798367700,61734642000.000
20190731,3363.406,3418.775,3141.077,3282.594,8006895200,63932674000.000
20190830,3263.751,3264.047,2912.251,3125.854,8319380700,68575345000.000
20190930,3128.612,3361.846,3118.560,3171.085,8422275700,71116578000.000
20191031,3169.766,3416.489,3159.293,3293.981,7986653800,76520276000.000
20191129,3281.716,3339.927,3077.770,3098.988,8461484000,84954014000.000
20191231,3100.002,3294.543,3072.060,3240.649,8989198200,70154307000.000
20200123,3253.314,3366.278,3138.802,3160.062,7700326300,63068364000.000
20200228,2872.327,3232.205,2682.020,3032.398,13431562000,118130363000.000
20200331,3049.736,3351.195,2932.755,3030.758,13130217400,105609077000.000
20200430,3002.956,3131.571,2912.594,3016.673,9624579500,77908712000.000
20200529,2998.306,3167.607,2988.208,3154.620,7785099000,71298212000.000
20200630,3154.702,3362.858,3154.702,3319.418,9137113500,96788923000.000
20200731,3333.276,3898.769,3321.879,3852.223,18178253000,179094520000.000
20200831,3877.829,4131.185,3747.627,4097.366,13901644000,147211410000.000
20200930,4089.053,4251.957,3798.245,3818.483,15271310000,164524770000.000
20201030,3873.194,4112.197,3854.641,3860.364,8486441400,102529891000.000
20201130,3857.264,4067.990,3822.345,3979.909,12655218400,139493260000.000
20201231,3971.872,4045.998,3672.492,3726.657,12222300100,131405366000.000
20210129,3732.377,3755.635,3435.178,3484.268,11192906200,138375870000.000
20210226,3484.887,3799.152,3423.698,3664.506,7501818300,94678391000.000
20210331,3673.692,3761.020,3545.594,3699.639,10409758000,123322396000.000
20210409,3708.476,3773.456,3684.850,3693.523,2490869700,29173458000.000
