20070831,1014.454,1184.157,924.407,1083.317,309927050,6948399800.000
20070928,1092.210,1150.937,1020.636,1046.612,242808290,5761666000.000
20071031,1065.196,1066.059,833.534,934.256,118906416,2436889300.000
20071130,938.319,938.319,810.294,913.054,77461172,1398478800.000
20071228,916.630,1040.130,897.192,1010.063,91258327,1849054700.000
20080131,1008.971,1105.236,914.650,923.752,162566000,3527701000.000
20080229,914.130,1002.998,876.710,994.593,45910969,913247250.000
20080331,993.075,1076.400,803.801,842.487,87024887,1677506000.000
20080430,820.835,838.694,671.785,792.740,83479101,1258860280.000
20080530,792.096,858.837,724.057,724.057,119548960,1907868800.000
20080630,719.722,734.858,528.473,578.477,59884720,742410390.000
20080731,578.478,646.094,560.535,588.303,128607223,1623272800.000
20080829,595.559,595.559,458.637,480.339,79353591,925642910.000
20080926,478.780,478.780,400.175,457.398,68791102,629788480.000
20081031,447.807,447.807,350.746,350.746,55611866,343122510.000
20081128,349.143,518.570,345.355,466.262,223607970,1504004200.000
20081231,469.321,516.011,442.284,442.284,245306940,1853387700.000
20090123,456.013,531.019,456.013,525.876,128502008,1002614900.000
20090227,530.801,702.170,530.801,544.728,349727900,3015619600.000
20090331,539.973,682.160,539.973,668.968,241558840,2161614600.000
20090430,669.192,734.692,624.906,702.796,388651190,3842311900.000
20090527,709.288,793.204,684.690,781.781,339880550,3365655200.000
20090630,785.834,785.956,721.251,721.251,255995040,2669189300.000
20090731,720.441,825.273,720.441,810.923,515924860,5581476100.000
20090831,829.437,894.447,610.070,610.070,357238840,3809991600.000
20090930,606.845,743.579,606.845,707.314,303879760,3046842200.000
20091030,719.257,837.719,719.257,837.719,271225270,3081533700.000
20091130,821.227,1159.829,821.227,1159.829,511723890,7427049400.000
20091231,1169.870,1191.362,1058.147,1169.268,345184780,5563821200.000
20100129,1172.713,1430.958,1172.713,1260.180,308281960,5602731900.000
20100226,1256.792,1500.207,1256.792,1477.864,167288820,3176029100.000
20100331,1452.621,1570.363,1433.806,1570.363,441076000,8105863200.000
20100430,1604.370,1802.900,1591.549,1629.171,565393770,10849822500.000
20100531,1573.538,1688.478,1377.915,1642.142,364067820,6329082500.000
20100630,1623.240,1809.447,1436.730,1471.874,267150430,4916058200.000
20100730,1470.590,1676.526,1428.704,1646.971,279080910,4691881200.000
20100831,1650.339,1857.375,1625.521,1856.243,374968760,7021444900.000
20100930,1859.747,1924.517,1685.336,1712.730,353260900,7008232500.000
20101029,1716.444,1735.482,1555.956,1733.336,440387690,10191135000.000
20101130,1747.727,2072.751,1742.123,2006.899,747257080,18183790000.000
20101231,1988.581,2114.118,1877.924,1989.703,444141380,11798800400.000
20110131,2041.168,2136.578,1757.244,1891.662,446852820,15473489000.000
20110228,1884.642,2061.188,1870.303,2020.560,354534210,11766375000.000
20110331,2027.019,2098.737,1886.175,1895.464,759633020,21479171000.000
20110429,1900.499,1940.777,1707.808,1753.014,483586010,11558562800.000
20110531,1757.805,1809.167,1589.105,1646.168,760528740,17276576000.000
20110630,1640.412,1709.869,1561.827,1685.959,472221680,9700874800.000
20110729,1701.610,1888.432,1694.320,1798.632,1050421980,18541721000.000
20110831,1799.924,1894.158,1666.810,1814.239,743670700,14929478000.000
20110930,1815.904,1837.951,1557.836,1586.029,385050180,7559471400.000
20111031,1599.088,1861.952,1471.238,1861.952,575612410,11861293300.000
20111130,1830.228,1987.521,1700.351,1734.424,1142295480,25175721000.000
20111230,1794.862,1824.596,1503.405,1572.585,663062310,14510868000.000
20120131,1588.021,1593.858,1223.293,1286.133,439344410,7959026600.000
20120229,1281.031,1548.044,1275.201,1492.967,1005240580,16897306000.000
20120330,1500.298,1560.464,1275.475,1284.151,758375070,13114059100.000
20120427,1299.964,1415.247,1282.392,1298.691,480029020,7315310300.000
20120531,1309.989,1561.275,1299.753,1538.708,942991160,17897376000.000
20120629,1544.583,1745.633,1487.222,1577.333,1083746620,19984072000.000
20120731,1599.989,1657.528,1323.605,1339.284,1019350740,16384599000.000
20120831,1334.194,1550.773,1333.815,1432.069,1238676840,18044298000.000
20120928,1421.042,1587.308,1325.514,1388.793,812775470,11974451100.000
20121031,1382.265,1452.677,1335.207,1356.270,484997880,6891393200.000
20121130,1364.814,1389.968,1154.229,1171.917,830242870,11190624000.000
20121231,1169.573,1414.499,1090.039,1411.729,1003612540,13041678300.000
20130131,1418.017,1571.564,1374.046,1537.872,1712227300,25159556000.000
20130228,1494.811,1763.600,1485.748,1723.611,1474464600,24320992000.000
20130329,1723.467,1875.115,1565.977,1575.965,1767382400,30397813000.000
20130426,1574.073,1639.226,1457.111,1463.734,817544430,14170696000.000
20130531,1460.074,1863.444,1456.190,1824.734,1536771300,27432418000.000
20130628,1823.572,1828.687,1342.802,1515.897,1245588470,21289048000.000
20130731,1515.644,1805.565,1451.283,1686.591,3055948800,55534321000.000
20130830,1702.480,1796.944,1612.047,1618.265,2450336400,46512388000.000
20130930,1618.264,1799.802,1616.220,1767.276,1762551400,31122179000.000
20131031,1785.979,2326.967,1785.979,1931.831,2683674000,52282607000.000
20131129,1916.215,2130.957,1855.597,2125.064,1956052900,36693312000.000
20131231,2029.790,2054.582,1855.523,1962.404,1592489000,27607423000.000
20140130,1940.817,2010.873,1849.694,1908.400,1515208300,30016233000.000
20140228,1896.676,2170.632,1885.748,1936.362,1938213000,41264869000.000
20140331,1930.691,2057.555,1718.630,1729.292,1743508500,34509617000.000
20140430,1742.993,1828.716,1622.090,1670.935,1012932800,20481370000.000
20140530,1671.577,1723.811,1584.504,1696.090,1075319170,19427726000.000
20140630,1697.525,1911.460,1694.992,1910.066,1977888600,32807670000.000
20140731,1922.833,2036.636,1862.148,2034.744,2623721000,45463496000.000
20140829,2059.771,2494.928,2039.322,2399.889,2867386400,51726530000.000
20140930,2397.362,2623.620,2396.857,2580.375,2775782000,54322919000.000
20141031,2587.632,2717.303,2441.096,2542.176,1919611200,41385995000.000
20141128,2544.435,2764.457,2456.401,2731.060,2437802800,52912372000.000
20141231,2742.837,2968.246,2562.542,2736.410,4798283300,107872591000.000
20150130,2749.271,3037.243,2679.082,2957.708,3022859800,70106716000.000
20150227,2914.750,3267.952,2818.331,3265.528,2472057700,58483523000.000
20150331,3433.838,4145.337,3433.838,4104.137,5644416000,160784490000.000
20150430,4127.082,5073.099,4119.993,4963.733,6891269300,225656090000.000
20150529,4958.769,6913.250,4739.587,6325.994,6602398600,216007340000.000
20150630,6429.017,7254.109,4937.766,5768.462,7103157100,238967680000.000
20150731,5693.221,6404.942,3456.577,5364.889,7774639000,179961230000.000
20150831,5310.773,6189.092,3937.698,4350.330,7798429000,173271600000.000
20150930,4281.072,4540.965,3742.824,4378.428,5450953400,103624514000.000
20151030,4543.232,5612.862,4509.080,5387.479,6429662200,139448180000.000
20151130,5221.169,6395.676,5177.807,5879.778,10396247100,224025300000.000
20151231,5879.778,6208.884,5406.700,6095.058,6818372000,146846030000.000
20160129,6095.058,6095.292,3916.029,4158.299,4303676700,76054223000.000
20160229,4146.013,4781.406,3941.226,3982.290,3553364400,59486643000.000
20160331,3995.067,4645.976,3857.346,4568.862,5061877000,84076092000.000
20160429,4545.395,4993.671,4457.994,4569.907,4643806600,80213808000.000
20160531,4572.815,4774.552,4109.914,4436.528,3068715900,48559114000.000
20160630,4445.315,4585.133,4223.164,4567.144,4122422200,61813920000.000
20160729,4589.583,4846.380,4535.174,4603.638,4748442100,72428487000.000
20160831,4584.303,5196.626,4470.869,5088.091,5405374300,87031922000.000
20160930,5093.179,5550.844,5009.644,5177.166,7370963700,116851509000.000
20161031,5220.740,5440.230,5179.463,5221.404,3977077800,64822070000.000
20161130,5221.404,5499.848,5215.771,5330.478,5374969700,88697525000.000
20161230,5324.950,5344.756,4861.407,5044.549,4131861800,61465688000.000
20170126,5050.314,5252.064,4638.829,4934.351,4134044900,59673946000.000
20170228,4927.329,5242.393,4886.539,5203.250,4516265700,66766747000.000
20170331,5192.150,5493.584,5191.803,5243.411,7612106100,138397370000.000
20170428,5399.191,5868.778,5289.230,5580.293,12925734000,268487390000.000
20170531,5591.994,5783.444,5025.356,5226.070,11915333700,257275880000.000
20170630,5179.479,5375.375,4970.594,5246.513,8301639300,160441090000.000
20170731,5246.521,5317.532,4573.197,4766.119,6384278400,105611248000.000
20170831,4774.414,5257.972,4738.900,5179.287,8438232600,143568140000.000
20170929,5177.127,5379.996,5133.264,5246.800,7485442200,137050970000.000
20171031,5290.280,5694.608,5228.338,5380.082,7158047200,138187420000.000
20171130,5377.953,5393.225,4757.525,4800.978,6758716100,115958599000.000
20171229,4801.891,4892.268,4599.710,4844.397,5058978300,86073191000.000
20180131,4860.137,5005.522,4215.083,4218.955,6551381300,115663872000.000
20180228,4169.187,4195.666,3575.215,4054.469,4012798400,51135747000.000
20180330,4015.877,4261.334,3701.010,4139.555,6945988800,95298899000.000
20180427,4142.382,4167.093,3837.338,3954.184,5098634400,71547199000.000
20180531,3959.765,4240.125,3684.219,3747.675,6765158500,95891260000.000
20180629,3722.327,3752.315,3125.885,3266.864,4764180800,50944120000.000
20180731,3260.125,3315.435,3031.280,3217.110,12137223300,107063220000.000
20180831,3218.125,3239.807,2783.019,2789.243,8933839000,72252636000.000
20180928,2782.172,2845.873,2688.560,2757.065,7333313000,55595948000.000
20181031,2710.950,2710.950,2181.742,2390.149,7415921800,49533737000.000
20181130,2400.927,2793.770,2400.927,2530.739,13077563300,85629503000.000
20181228,2593.981,2683.408,2429.337,2439.582,8970410400,58364592000.000
20190131,2455.258,2539.502,2225.766,2239.366,10642866600,64566460000.000
20190228,2252.955,2885.734,2252.955,2853.428,12906368000,80586252000.000
20190329,2865.754,3241.768,2811.684,3083.862,25081574000,188225340000.000
20190430,3108.204,3356.226,2855.153,2895.756,21501919000,159519990000.000
20190531,2817.394,2817.394,2576.983,2630.759,11978290300,76038809000.000
20190628,2622.556,2998.392,2470.340,2891.027,18523786000,136913240000.000
20190731,2960.096,3041.583,2608.547,2634.544,17990942000,130592129000.000
20190830,2623.163,2641.258,2388.018,2544.505,12206378800,79179621000.000
20190930,2540.884,2746.286,2507.990,2507.990,12940076000,85304021000.000
20191031,2510.384,2643.267,2495.550,2504.210,9204477600,56569120000.000
20191129,2501.147,2536.752,2357.792,2375.707,8958079200,68149996000.000
20191231,2375.222,2511.764,2341.788,2464.882,11427603000,78296082000.000
20200123,2484.738,2659.151,2417.221,2436.081,11754163000,89472579000.000
20200228,2190.051,2588.550,2061.161,2441.189,20741526000,167640360000.000
20200331,2458.336,2732.340,2345.469,2373.113,22364443000,175213060000.000
20200430,2366.247,2517.899,2294.158,2392.080,13106099600,97031753000.000
20200529,2385.541,2465.319,2244.108,2269.887,10662977000,80190434000.000
20200630,2273.984,2384.338,2273.539,2330.381,12680239600,102991511000.000
20200731,2339.382,2686.965,2328.255,2551.005,26909248000,225260520000.000
20200831,2567.864,2889.041,2527.224,2774.819,24091018000,205865730000.000
20200930,2770.355,2919.025,2560.810,2574.807,29290077000,225670360000.000
20201030,2606.188,2739.954,2511.441,2515.307,12662629900,110295381000.000
20201130,2517.009,2625.591,2477.342,2492.205,14489869000,120443219000.000
20201231,2492.150,2526.324,2256.448,2282.881,12909704500,96172786000.000
20210129,2276.440,2294.478,2060.673,2075.082,13567116000,95547000000.000
20210226,2060.470,2243.830,1966.244,2230.355,10182542800,71947814000.000
20210331,2254.264,2586.790,2224.714,2472.057,32716583000,277632890000.000
20210409,2449.895,2449.895,2364.945,2378.605,5949523000,54411837000.000
