20070831,998.960,1002.000,941.037,979.339,285737360,5758834200.000
20070928,983.096,1037.079,924.139,968.452,241533710,4444577500.000
20071031,977.954,1012.147,822.653,879.178,183457110,3390729700.000
20071130,880.128,880.128,748.549,763.270,195529870,4447990600.000
20071228,755.538,929.841,755.538,926.305,206445690,4560103600.000
20080131,928.746,978.580,781.225,789.330,271798680,5973602300.000
20080229,787.869,863.433,743.380,834.567,114183888,2289408400.000
20080331,831.228,859.247,684.436,694.753,124991614,2280444000.000
20080430,688.936,688.936,571.056,668.067,147279380,2187029500.000
20080530,672.710,703.634,621.875,624.992,176691960,3623745800.000
20080630,620.042,667.590,486.601,487.351,236781520,3553910200.000
20080731,488.436,569.731,480.861,538.597,260307210,3058460900.000
20080829,533.465,538.565,405.170,414.673,156384310,1779589200.000
20080926,409.881,409.881,321.728,353.458,166274950,1263217620.000
20081031,347.485,347.485,255.048,270.374,128464784,780488510.000
20081128,267.100,342.596,263.825,311.124,380847850,2474116500.000
20081231,310.578,424.546,310.578,373.680,579434930,4491877900.000
20090123,380.052,435.625,380.052,435.625,392117040,3295338800.000
20090227,438.695,536.814,438.695,449.970,743619030,7324436000.000
20090331,440.298,577.091,440.298,577.091,708938040,7499188800.000
20090430,578.587,727.107,578.587,680.846,965556210,11800125000.000
20090527,682.313,727.366,658.915,711.595,609897110,6840635300.000
20090630,711.652,726.547,684.663,697.653,650207260,6988343900.000
20090731,693.068,823.504,693.037,823.504,1108519160,13286203300.000
20090831,825.874,862.936,680.446,741.515,936182760,11266454900.000
20090930,728.618,922.130,724.824,776.103,847118180,10186931000.000
20091030,791.668,886.077,791.668,841.002,450001550,5169794000.000
20091130,827.437,1107.695,827.437,1106.660,1158981080,15937171000.000
20091231,1099.205,1153.113,1041.862,1140.932,976171850,14170269000.000
20100129,1144.925,1285.883,1067.804,1100.772,817306320,12818924200.000
20100226,1097.726,1140.552,1046.272,1140.552,290233230,4963282900.000
20100331,1140.375,1309.966,1132.870,1309.966,977601350,17056231000.000
20100430,1317.187,1406.712,1240.676,1240.676,1060524360,23683037000.000
20100531,1212.185,1297.355,1081.970,1181.329,888450030,17345223000.000
20100630,1167.322,1293.197,1091.998,1091.998,721182510,13976761000.000
20100730,1088.995,1230.125,1042.907,1229.875,789968550,13727798000.000
20100831,1229.637,1354.293,1206.940,1354.293,1276789300,23281635000.000
20100930,1356.613,1420.647,1316.711,1346.208,1227393620,25319396000.000
20101029,1353.603,1490.233,1258.228,1490.233,1085858480,23981319000.000
20101130,1505.630,1673.057,1470.250,1624.886,1603026900,39059927000.000
20101231,1615.481,1741.259,1527.845,1628.620,877900770,23257019000.000
20110131,1630.028,1660.798,1336.046,1431.591,441578980,10984866000.000
20110228,1432.207,1558.910,1404.489,1558.322,439603530,10092522100.000
20110331,1555.007,1592.940,1461.019,1466.440,842957550,18809256000.000
20110429,1467.850,1517.603,1319.150,1338.555,767649720,15016612000.000
20110531,1338.041,1404.691,1205.052,1234.675,487007010,8333858800.000
20110630,1232.038,1320.872,1152.698,1320.872,750939980,11754261800.000
20110729,1327.947,1449.223,1323.309,1414.002,1161416170,20436796000.000
20110831,1410.514,1455.217,1258.196,1406.528,986507410,18377280000.000
20110930,1405.208,1416.196,1204.778,1218.841,920628380,14405233000.000
20111031,1221.801,1292.677,1149.545,1285.397,627850780,10168931600.000
20111130,1274.705,1413.676,1249.485,1273.436,1179242630,19848834000.000
20111230,1309.562,1323.743,1075.101,1130.033,790865760,13373710000.000
20120131,1136.417,1137.324,952.591,1008.287,620998640,9408692900.000
20120229,1001.619,1237.406,998.217,1173.231,1523830100,22704174000.000
20120330,1166.893,1307.565,1095.760,1107.102,2308893200,37357452000.000
20120427,1104.487,1210.056,1100.605,1142.681,1357245000,19034734000.000
20120531,1151.027,1215.030,1082.170,1176.885,1665987500,22867945000.000
20120629,1172.707,1176.885,1110.484,1157.759,1307232350,18153763000.000
20120731,1161.009,1192.877,1019.086,1022.499,1493509900,21082344000.000
20120831,1015.852,1177.515,1015.818,1120.441,2031895700,26525022000.000
20120928,1117.334,1230.111,1044.229,1093.839,1847507100,25078502000.000
20121031,1095.511,1157.398,1083.220,1098.505,1033017290,12771520900.000
20121130,1101.251,1122.200,897.558,915.689,1040845030,12454257800.000
20121231,915.078,1062.850,865.438,1056.662,1571038300,19851557000.000
20130131,1060.888,1153.510,1032.789,1082.346,2251829900,29689147000.000
20130228,1081.263,1164.394,1064.160,1153.123,1342434500,19310164000.000
20130329,1156.825,1223.254,1104.221,1141.391,2094662200,29121019000.000
20130426,1137.429,1185.513,1069.386,1123.703,1546573700,26029823000.000
20130531,1119.114,1433.306,1114.713,1399.151,3636176800,57647552000.000
20130628,1394.845,1398.881,1117.078,1233.671,2151287400,32902664000.000
20130731,1228.950,1407.043,1220.851,1337.261,3611281600,56592120000.000
20130830,1337.428,1579.744,1337.428,1478.017,4060455300,65516651000.000
20130930,1472.206,1572.209,1448.712,1504.228,2533201600,43731826000.000
20131031,1498.148,1549.142,1310.438,1334.829,1951148300,31977687000.000
20131129,1332.341,1480.418,1295.391,1480.418,2070393200,33399842000.000
20131231,1425.464,1453.393,1316.127,1441.326,2328758400,34867892000.000
20140130,1436.225,1660.730,1431.905,1598.861,4377857800,72776588000.000
20140228,1584.348,1774.967,1509.405,1568.936,3695787700,65019494000.000
20140331,1571.899,1602.373,1417.302,1431.128,2729810500,46061995000.000
20140430,1415.008,1562.917,1383.003,1434.080,1944353700,37677603000.000
20140530,1428.468,1552.485,1417.380,1541.842,1965265000,35283669000.000
20140630,1548.330,1652.063,1503.455,1652.063,2836855900,42443321000.000
20140731,1655.102,1686.963,1529.844,1651.693,3870507200,60481511000.000
20140829,1642.254,1820.284,1620.595,1798.651,4362233000,69977644000.000
20140930,1805.015,2010.679,1802.434,2010.459,4832541700,83585941000.000
20141031,2010.536,2069.196,1919.952,2030.482,3592840700,67273971000.000
20141128,2029.974,2168.867,1909.517,2149.589,3429208700,66638738000.000
20141231,2145.980,2156.938,1764.624,1797.891,3947016800,77978197000.000
20150130,1799.827,2072.110,1749.693,1996.125,3187668000,65335730000.000
20150227,1973.473,2183.495,1967.006,2183.495,2336986300,46053515000.000
20150331,2190.409,2800.903,2181.049,2787.383,6034238100,142174910000.000
20150430,2797.039,3220.616,2796.740,3123.234,6924075700,200170310000.000
20150529,3121.672,4821.896,3044.610,4676.572,6833116400,226701840000.000
20150630,4788.614,5926.817,4292.195,5008.162,7172116900,263568970000.000
20150731,4926.490,5908.593,3115.541,4866.411,8187037900,238050780000.000
20150831,4755.902,5717.636,3635.704,4095.354,6876973700,195167330000.000
20150930,3995.188,4126.391,3360.778,4008.707,5237044000,117627694000.000
20151030,4182.987,5092.354,4140.020,4979.382,5870111400,139890740000.000
20151130,4795.742,6146.586,4760.081,5754.604,9436741800,235541240000.000
20151231,5757.596,6304.201,5394.301,6050.741,7319512000,198169560000.000
20160129,6067.381,6076.268,3965.389,4200.188,5924110100,131538233000.000
20160229,4187.325,5057.409,4048.456,4080.358,4806004400,106404095000.000
20160331,4071.687,5168.301,3949.149,5098.537,8763156100,167460440000.000
20160429,5070.577,5558.828,4940.153,5143.634,7291901500,169788660000.000
20160531,5140.376,5470.832,4641.919,5321.214,5908871600,132985192000.000
20160630,5323.931,6147.276,5323.931,6064.766,12738217700,244011300000.000
20160729,6070.224,6118.648,5547.169,5577.621,9297685600,174164630000.000
20160831,5538.937,5869.860,5371.969,5841.167,6592092700,126394382000.000
20160930,5833.513,5996.168,5657.340,5834.752,6647389000,123554464000.000
20161031,5874.137,6277.742,5874.137,6171.086,5100358000,104722442000.000
20161130,6176.063,6483.508,6141.511,6213.580,7314588800,148527420000.000
20161230,6225.807,6234.826,5522.414,5700.529,4545782400,97827412000.000
20170126,5714.521,5760.978,4944.061,5311.649,3377238200,62307410000.000
20170228,5321.468,5609.322,5277.904,5575.964,4021889300,74673855000.000
20170331,5562.516,6176.597,5527.027,5825.544,7050511100,136650710000.000
20170428,5818.359,5984.836,5371.279,5626.465,3936618900,78022824000.000
20170531,5640.004,5721.204,5128.152,5309.069,5588166000,104047927000.000
20170630,5280.818,5593.268,5094.492,5517.976,6536532600,116873170000.000
20170731,5512.792,5689.693,4878.080,5173.331,6627969300,122820067000.000
20170831,5165.821,5543.239,4973.419,5543.239,8540511200,164787760000.000
20170929,5569.740,5730.289,5448.847,5639.369,8573930800,171463980000.000
20171031,5714.362,5793.043,5494.717,5611.046,6091717300,124688219000.000
20171130,5603.981,5851.533,5088.514,5117.655,8988702200,193360520000.000
20171229,5113.159,5194.221,4799.482,4954.218,6027776400,119600147000.000
20180131,4961.529,5045.906,4399.124,4410.861,8279988100,157181460000.000
20180228,4402.605,4424.898,3824.247,4336.762,5427623300,105283521000.000
20180330,4320.011,4875.630,4213.133,4718.581,11339989600,198709300000.000
20180427,4724.601,4805.953,4253.316,4387.584,7772857100,132123211000.000
20180531,4390.953,4757.757,4277.767,4375.550,10216553800,176407470000.000
20180629,4354.956,4616.248,3731.649,4013.489,9184092700,155823090000.000
20180731,4003.590,4157.319,3732.923,3921.051,12026909000,186966940000.000
20180831,3941.528,3955.726,3496.210,3514.163,10894292400,155685320000.000
20180928,3509.970,3566.180,3252.583,3325.057,9556279900,120120523000.000
20181031,3260.934,3260.934,2746.580,3051.609,10846499300,130352286000.000
20181130,3081.527,3478.230,3080.595,3171.724,17123360000,200748460000.000
20181228,3266.987,3340.941,3041.750,3047.524,12506214600,150287240000.000
20190131,3050.327,3254.334,2919.937,2991.433,17044993000,188997950000.000
20190228,3011.433,3991.380,3011.433,3838.972,23755156000,282226680000.000
20190329,3866.842,4388.290,3817.971,4229.759,32795819000,433928380000.000
20190430,4255.592,4535.056,4008.161,4053.224,29421167000,400339150000.000
20190531,3900.830,3900.830,3631.380,3851.194,23626800000,291030780000.000
20190628,3852.217,4028.767,3684.553,3939.962,19208803000,272477320000.000
20190731,4070.647,4185.751,3778.182,4144.907,21210671000,304747020000.000
20190830,4109.744,4647.702,3874.814,4409.854,29754143000,459637350000.000
20190930,4410.285,5121.299,4410.285,4643.542,30108307000,499150840000.000
20191031,4659.331,4927.783,4515.460,4696.661,22715126000,367525560000.000
20191129,4678.477,5067.989,4668.036,4884.616,28199993000,492516750000.000
20191231,4894.272,5716.326,4887.687,5520.964,33447103000,591879410000.000
20200123,5559.237,6185.909,5536.876,5894.107,24129929000,474579790000.000
20200228,5315.034,6842.670,4966.016,5986.057,38915657000,823393460000.000
20200331,6067.407,6485.530,4936.752,4973.219,35234623000,657857530000.000
20200430,4977.288,5418.064,4791.381,5279.451,24406790000,457080960000.000
20200529,5240.046,5614.896,5166.376,5340.501,22075353000,446662760000.000
20200630,5379.787,6232.113,5379.787,6218.457,30202257000,626307240000.000
20200731,6228.370,7347.407,6136.071,6790.825,43577208000,1036221450000.000
20200831,6871.369,7123.561,6395.723,6960.571,32757423000,799256040000.000
20200930,6933.388,7091.090,6324.994,6438.832,24217502000,582243510000.000
20201030,6568.139,6982.718,6558.239,6559.526,19824462000,484638270000.000
20201130,6557.532,7137.630,6528.042,6578.426,22680968000,577296730000.000
20201231,6577.831,6706.972,5940.503,6110.926,22307891000,563815070000.000
20210129,6127.985,6298.860,5655.609,5724.853,28444227000,820635440000.000
20210226,5689.356,5963.493,5393.856,5807.596,16028482000,423072440000.000
20210331,5835.370,6048.507,5489.711,5713.059,20581954000,479686030000.000
20210409,5717.180,5828.364,5684.814,5741.979,4433876200,97369966000.000
