20070831,1002.884,1095.524,947.544,1095.524,5308302700,81121037000.000
20070928,1108.272,1142.406,1059.490,1098.834,4170937100,68593661000.000
20071031,1118.867,1118.867,904.657,966.777,2510999900,52838025000.000
20071130,965.077,965.077,877.834,925.074,2350645100,36634489000.000
20071228,923.463,1125.648,923.463,1120.047,2842792600,52370365000.000
20080131,1123.997,1194.325,1028.534,1028.534,3655589900,75356510000.000
20080229,1031.397,1165.947,988.917,1165.947,2184911200,46833373000.000
20080331,1162.061,1207.611,920.208,929.771,3625762300,73792341000.000
20080430,921.100,921.100,702.168,851.680,3127588100,58932174000.000
20080530,859.210,923.181,817.175,831.696,3903859400,77301030000.000
20080630,829.170,841.561,649.552,661.960,1550255000,23896164000.000
20080731,663.340,791.085,651.013,747.575,3374467800,46952587000.000
20080829,743.441,757.428,602.373,623.663,1741686100,19260030000.000
20080926,617.515,617.515,540.851,571.204,1564564100,13781786000.000
20081030,563.695,563.695,483.711,502.885,1759157800,13665836000.000
20081128,500.050,688.443,492.300,635.187,4486875900,39401885000.000
20081231,633.715,781.686,633.715,729.162,8313954100,80959937000.000
20090123,740.602,835.166,740.602,825.810,5031109400,55030618000.000
20090227,834.405,1058.802,834.405,890.272,10205887300,118228651000.000
20090331,876.264,1125.699,876.264,1125.699,8405193700,107786793000.000
20090430,1128.084,1276.327,1109.650,1214.005,10498561400,145052030000.000
20090527,1216.794,1424.859,1216.794,1419.463,9775439200,145845170000.000
20090630,1430.203,1447.198,1359.848,1373.780,9288536400,146889810000.000
20090731,1371.091,1570.264,1371.091,1522.077,14699915000,246332090000.000
20090831,1526.115,1586.648,1241.414,1268.932,10012923800,167737930000.000
20090930,1256.376,1554.748,1255.677,1395.206,9013487400,143226940000.000
20091030,1417.023,1566.578,1417.023,1515.321,5575042100,91001873000.000
20091130,1479.004,1808.290,1479.004,1737.060,12120418900,207251370000.000
20091231,1739.213,1826.148,1631.806,1763.391,8575272900,159994010000.000
20100129,1775.526,1900.483,1695.250,1724.009,9201016200,179647080000.000
20100226,1711.915,1803.876,1639.247,1802.979,5273530000,94332607000.000
20100331,1803.874,1977.447,1801.988,1977.447,9892607600,185672200000.000
20100430,1978.909,2147.099,1859.572,1859.572,13404276300,249313020000.000
20100531,1823.325,1928.210,1586.761,1744.808,8126302900,139860080000.000
20100630,1721.080,1869.536,1561.047,1561.047,6256667600,109961076000.000
20100730,1555.260,1789.617,1510.264,1780.948,9401696200,147168780000.000
20100831,1780.113,2065.049,1780.113,2065.049,12586210100,210034050000.000
20100930,2064.048,2158.594,1968.591,2004.650,11711965000,213625100000.000
20101029,2022.352,2199.157,1973.846,2199.157,11974798200,229805210000.000
20101130,2207.186,2403.201,2172.912,2334.942,17450258000,344161480000.000
20101231,2328.873,2416.386,2138.342,2260.118,10543793500,225208890000.000
20110131,2271.943,2340.180,1933.887,2067.344,7512505200,157097120000.000
20110228,2071.503,2268.107,2039.659,2263.336,7948774500,166594550000.000
20110331,2262.415,2332.121,2189.854,2197.174,15089573000,310716150000.000
20110429,2196.839,2245.491,1974.410,2007.508,8505632500,158798760000.000
20110531,2009.086,2043.573,1782.483,1836.290,6654480400,117897434000.000
20110630,1833.291,1876.509,1722.549,1863.598,6492944800,100311039000.000
20110729,1866.416,2032.520,1866.416,1906.122,9555002700,154691830000.000
20110831,1902.922,1961.631,1702.857,1869.433,10021796100,157169500000.000
20110930,1872.710,1890.990,1598.359,1614.443,6118561200,88320073000.000
20111031,1617.417,1685.970,1499.184,1671.161,6436829300,86729578000.000
20111130,1656.483,1814.182,1598.307,1619.034,10855540300,157007290000.000
20111230,1666.294,1681.568,1295.389,1359.522,7641377600,95837101000.000
20120131,1370.129,1389.914,1222.861,1302.356,5876693100,67799769000.000
20120229,1301.245,1542.212,1294.097,1479.211,11577550100,140068210000.000
20120330,1473.961,1596.483,1335.481,1347.157,12290595400,153061200000.000
20120427,1345.964,1447.069,1337.217,1373.902,7928365900,86985285000.000
20120531,1386.453,1442.113,1299.072,1378.387,9121515800,99282466000.000
20120629,1378.512,1384.771,1232.679,1267.685,6342887700,64209678000.000
20120731,1273.907,1290.135,1107.748,1111.463,7260240100,69294585000.000
20120831,1106.646,1193.138,1102.708,1126.166,8045958500,69554419000.000
20120928,1117.463,1221.472,1074.690,1118.826,8356635700,69965680000.000
20121031,1121.366,1163.416,1100.195,1111.103,6975435700,53845738000.000
20121130,1106.525,1139.674,953.164,965.189,6606068000,53534273000.000
20121231,962.431,1112.680,915.059,1105.891,10759550800,86707591000.000
20130131,1114.508,1205.048,1097.043,1172.236,15079024000,134920290000.000
20130228,1170.282,1229.429,1154.063,1226.675,10455343700,94500024000.000
20130329,1228.208,1267.481,1159.907,1175.258,15305334000,139030020000.000
20130426,1169.477,1192.478,1115.091,1135.696,8588125100,76418223000.000
20130531,1132.694,1338.695,1128.955,1323.270,18819719000,182248920000.000
20130628,1320.142,1325.334,1032.268,1114.032,11861468700,111437381000.000
20130731,1113.117,1229.591,1086.591,1185.621,17621054000,161243590000.000
20130830,1188.244,1332.230,1187.037,1281.572,17762611000,166647010000.000
20130930,1283.912,1367.609,1278.861,1349.703,18138840000,157311750000.000
20131031,1349.796,1451.169,1288.142,1329.728,17694579000,171307680000.000
20131129,1323.274,1432.869,1284.036,1431.914,14193858000,133266869000.000
20131231,1385.228,1397.427,1303.702,1384.063,15076911000,140675830000.000
20140130,1380.625,1489.508,1326.720,1479.003,15671419000,166384680000.000
20140228,1467.893,1703.107,1464.410,1608.794,21309232000,243209420000.000
20140331,1607.332,1660.598,1486.533,1495.771,19473344000,220302230000.000
20140430,1495.731,1593.349,1410.737,1448.198,13673738000,150072530000.000
20140530,1444.835,1498.027,1406.821,1477.652,11086525100,122767684000.000
20140630,1480.797,1574.229,1447.197,1574.229,13171457500,141529210000.000
20140731,1575.699,1700.884,1571.927,1700.884,24976872000,255246300000.000
20140829,1698.589,1848.170,1674.329,1803.275,25803741000,276681230000.000
20140930,1803.962,2064.564,1803.565,2064.564,31191249000,362853390000.000
20141031,2065.683,2115.487,1967.531,2090.791,25587026000,296267530000.000
20141128,2090.915,2202.084,2026.662,2188.189,27738298000,338369380000.000
20141231,2185.574,2247.149,1979.731,2017.451,41199690000,500231720000.000
20150130,2019.957,2260.607,1986.985,2190.752,38538448000,481705380000.000
20150227,2165.847,2392.223,2121.799,2392.223,20550820000,264428790000.000
20150331,2415.188,3187.036,2411.747,3159.934,56205152000,849586040000.000
20150430,3165.149,3952.299,3164.087,3883.407,74064918000,1362621600000.000
20150529,3906.450,5806.385,3705.565,5394.176,71523269000,1476987100000.000
20150630,5438.627,6487.616,4030.984,4687.119,74546319000,1668907000000.000
20150731,4627.736,4853.044,2770.282,4019.524,74816643000,1111651050000.000
20150831,3939.776,4800.070,2973.110,3317.132,61589878000,902751350000.000
20150930,3259.345,3329.690,2721.572,3198.297,42138471000,506074060000.000
20151030,3312.351,4208.930,3285.539,4049.168,57112149000,825472570000.000
20151130,3920.973,4836.953,3865.245,4451.411,75388502000,1199911610000.000
20151231,4444.861,4836.585,4201.104,4723.178,54285766000,907930550000.000
20160129,4705.905,4708.645,2976.756,3142.174,39464430000,537955270000.000
20160229,3134.982,3634.388,2977.043,3016.739,29525347000,389009730000.000
20160331,3029.945,3825.896,2954.582,3776.060,45369494000,605616700000.000
20160429,3759.028,4089.558,3685.094,3876.557,42098393000,635747200000.000
20160531,3877.158,4085.706,3517.201,3856.481,35541580000,514515060000.000
20160630,3857.086,4285.317,3782.333,4277.828,46139978000,713723410000.000
20160729,4277.797,4414.184,4055.300,4095.181,43330474000,653952450000.000
20160831,4070.145,4309.670,3967.221,4298.426,32772312000,477782040000.000
20160930,4295.148,4398.881,4114.457,4221.704,26174606000,385165160000.000
20161031,4250.126,4479.001,4243.956,4390.581,26758448000,351118980000.000
20161130,4392.792,4680.726,4387.606,4526.502,39712934000,557661790000.000
20161230,4532.683,4555.627,4134.865,4292.469,28435277000,447846570000.000
20170126,4296.848,4408.710,3884.448,4143.924,24924009000,336675700000.000
20170228,4147.550,4360.699,4117.083,4334.902,27192375000,361528220000.000
20170331,4333.058,4483.909,4243.588,4273.918,33140769000,536124370000.000
20170428,4289.315,4408.678,3764.122,3910.451,29239971000,364462250000.000
20170531,3901.740,3912.700,3450.703,3581.179,27721993000,337079440000.000
20170630,3567.972,3763.548,3409.107,3695.106,29496970000,384826940000.000
20170731,3693.578,3793.039,3362.633,3560.887,27699200000,342235520000.000
20170831,3560.342,3738.061,3482.903,3738.061,32736295000,381040070000.000
20170929,3739.486,3982.388,3725.463,3893.856,37523575000,516466440000.000
20171031,3930.414,3953.215,3719.888,3778.462,21303854000,289694600000.000
20171130,3787.640,3867.259,3414.684,3445.743,31630708000,441995530000.000
20171229,3442.004,3478.625,3255.847,3345.590,22058561000,266433180000.000
20180131,3349.204,3401.676,3123.819,3132.586,28236652000,314949030000.000
20180228,3114.758,3125.971,2663.193,2944.721,15063215000,163840700000.000
20180330,2930.457,3219.191,2851.546,3158.245,29562427000,364252030000.000
20180427,3159.586,3183.509,2909.271,2932.445,24846023000,298228380000.000
20180531,2925.857,3042.688,2746.477,2792.672,28011715000,330779580000.000
20180629,2786.615,2804.487,2296.101,2465.365,25525662000,281493680000.000
20180731,2460.340,2525.880,2303.497,2453.804,31615037000,338286330000.000
20180831,2453.177,2461.997,2178.840,2205.336,24347125000,229993100000.000
20180928,2209.751,2278.389,2179.044,2231.944,25750980000,214883750000.000
20181031,2199.427,2199.427,1845.791,2020.455,25209432000,188737560000.000
20181130,2031.735,2307.517,2025.222,2183.254,47812813000,343830990000.000
20181228,2232.014,2268.412,2097.294,2138.337,33137871000,259174410000.000
20190131,2145.053,2362.846,2125.873,2143.995,55173426000,414109450000.000
20190228,2153.632,2675.490,2153.632,2616.014,56185091000,444528570000.000
20190329,2624.103,3022.059,2593.896,2869.755,96800397000,805738550000.000
20190430,2884.850,3079.303,2672.955,2716.723,81792352000,717020870000.000
20190531,2632.893,2669.576,2476.688,2594.442,42057197000,345688110000.000
20190628,2591.504,2628.404,2417.817,2558.491,36553080000,305670840000.000
20190731,2603.928,2640.199,2428.326,2500.157,32181854000,289320780000.000
20190830,2491.662,2526.911,2294.690,2463.817,36364390000,328956960000.000
20190930,2466.120,2703.651,2466.120,2532.742,42381569000,406243670000.000
20191031,2535.745,2630.223,2466.729,2469.228,30189377000,271623610000.000
20191129,2463.780,2503.203,2380.276,2416.262,28438657000,288881720000.000
20191231,2420.453,2621.775,2401.457,2605.826,39262276000,385660570000.000
20200123,2626.062,2801.634,2613.284,2638.684,42971627000,444956850000.000
20200228,2385.112,2859.643,2222.065,2640.722,73901747000,873147890000.000
20200331,2669.347,3021.922,2606.080,2628.923,116112731000,1075178820000.000
20200430,2623.435,2796.436,2568.325,2726.976,76646686000,723503010000.000
20200529,2703.363,2809.292,2647.147,2696.450,51944498000,557606340000.000
20200630,2710.748,2864.375,2710.748,2857.867,46841266000,574190430000.000
20200731,2869.752,3328.853,2848.787,3295.534,103819040000,1212114430000.000
20200831,3314.881,3497.634,3234.603,3464.056,91550456000,1025165340000.000
20200930,3462.968,3598.946,3272.050,3436.974,104230174000,1115641510000.000
20201030,3537.341,3828.305,3537.341,3628.578,70016732000,972594040000.000
20201130,3631.771,3833.111,3621.907,3679.381,74961930000,1161045610000.000
20201231,3671.458,3858.558,3579.044,3767.033,94971646000,1445745000000.000
20210129,3780.778,3902.620,3460.201,3501.617,87426490000,1788196900000.000
20210226,3472.751,3608.112,3237.526,3465.251,50491482000,1102929480000.000
20210331,3485.142,3657.703,3353.742,3557.108,85804448000,1373341100000.000
20210409,3556.435,3626.857,3536.011,3572.824,16392063000,257270480000.000
