20070831,998.822,1067.116,949.711,1057.525,2041633800,34653548000.000
20070928,1073.078,1133.430,1054.638,1099.490,1799363900,31484622000.000
20071031,1116.246,1116.246,942.019,1015.691,997868410,19630332000.000
20071130,1014.842,1023.850,925.408,980.813,905843780,14595525000.000
20071228,980.114,1194.718,980.114,1190.986,1216349700,22864517000.000
20080131,1202.885,1346.756,1139.937,1151.152,1856588900,37051085000.000
20080229,1147.218,1312.879,1094.350,1260.398,922698710,15054511000.000
20080331,1252.333,1298.081,993.430,1000.380,1376903200,20356022000.000
20080430,987.986,1017.633,830.510,1017.633,1464770700,20191343000.000
20080530,1025.707,1066.356,911.647,929.889,1146847120,17962017000.000
20080630,928.522,933.107,671.690,690.493,868897390,11509406800.000
20080731,692.001,801.966,678.647,748.586,1540233100,17014778000.000
20080829,742.681,752.849,555.854,584.233,917432310,7960624100.000
20080926,580.625,580.625,492.977,547.880,943781190,7942437200.000
20081031,539.377,539.377,424.054,441.014,931821110,6062786300.000
20081128,437.508,546.937,429.825,515.147,1528670600,10109629500.000
20081231,521.737,636.196,521.737,573.345,2195015400,15946321000.000
20090123,581.837,622.271,581.837,611.860,1345433200,11476311200.000
20090227,618.734,795.694,618.734,674.897,3492247400,34062491000.000
20090331,663.024,783.136,663.024,783.136,2318306600,22240139000.000
20090430,786.509,880.872,786.355,869.363,3080805800,33898789000.000
20090527,870.026,925.684,850.734,909.574,2544117600,28106696000.000
20090630,914.335,961.159,914.128,950.616,2815820000,31397618000.000
20090731,949.244,1065.433,941.136,1051.948,3534313000,45176078000.000
20090831,1054.427,1092.640,900.005,920.504,2681337100,35020590000.000
20090930,911.394,1101.454,911.394,1004.358,2246823100,29758193000.000
20091030,1020.499,1220.577,1020.499,1212.317,1922903800,27121888000.000
20091130,1185.351,1503.261,1185.351,1446.196,3648272700,56395652000.000
20091231,1451.528,1509.037,1366.443,1483.294,2584651500,42364561000.000
20100129,1497.407,1548.726,1411.826,1439.753,2603432800,46823658000.000
20100226,1436.579,1561.723,1406.165,1561.723,1140150570,19342119000.000
20100331,1560.760,1610.610,1487.149,1610.610,2299709400,38319578000.000
20100430,1608.812,1665.166,1487.042,1487.042,2825634700,47102636000.000
20100531,1463.026,1527.016,1275.263,1369.241,2392328600,35126109000.000
20100630,1353.081,1433.329,1250.766,1250.766,1913603000,27962366000.000
20100730,1252.590,1454.576,1213.125,1454.576,2485082600,33706473000.000
20100831,1453.359,1551.004,1441.014,1551.004,3360072900,47817920000.000
20100930,1551.451,1590.688,1485.823,1509.223,2775271900,41648786000.000
20101029,1517.915,1653.624,1496.893,1645.460,3333261100,54274646000.000
20101130,1653.301,1749.803,1597.883,1679.694,4743436000,78763337000.000
20101231,1672.105,1761.573,1596.187,1677.971,3050351700,54472139000.000
20110131,1685.811,1697.477,1456.996,1529.245,1621056700,26033020000.000
20110228,1529.977,1714.761,1503.057,1712.973,2449599400,43545036000.000
20110331,1713.304,1754.484,1650.613,1652.546,3574825800,63875142000.000
20110429,1651.831,1746.384,1542.848,1569.626,2258672900,38433567000.000
20110531,1568.999,1623.236,1413.889,1451.285,1801519500,30621852000.000
20110630,1449.704,1530.261,1372.856,1523.212,1889992800,29568225000.000
20110729,1527.621,1614.568,1506.889,1544.151,2640133400,44241320000.000
20110831,1538.768,1557.793,1334.028,1459.112,2613347400,40845835000.000
20110930,1461.032,1479.832,1244.975,1255.282,1863546600,26614323000.000
20111031,1258.286,1319.648,1157.261,1282.742,1732694600,23419967000.000
20111130,1271.007,1337.801,1171.955,1181.992,2652224300,37059187000.000
20111230,1216.413,1225.237,947.248,989.747,1718234300,20941625000.000
20120131,998.373,1043.392,908.267,980.912,1867784400,20696527000.000
20120229,978.629,1176.498,969.502,1125.187,3263943200,37107887000.000
20120330,1121.102,1205.999,1011.639,1020.180,4032201600,48003150000.000
20120427,1020.937,1100.566,1008.747,1045.900,2212769400,24153072000.000
20120531,1056.898,1105.395,1032.997,1091.850,3978727500,48070110000.000
20120629,1091.631,1098.463,985.769,1010.030,2261410400,28677742000.000
20120731,1013.754,1028.660,856.064,862.187,2506808500,27383664000.000
20120831,859.955,923.399,855.007,872.046,2291231400,23620642000.000
20120928,869.429,937.445,821.935,861.528,1929933200,19702769000.000
20121031,866.218,932.161,862.143,884.421,2567654800,22371549000.000
20121130,881.590,900.870,778.156,790.790,2167138300,21565012000.000
20121231,789.406,928.915,756.122,920.278,3012141900,33952200000.000
20130131,924.848,1006.168,906.394,974.083,3520935600,38791661000.000
20130228,971.485,1009.755,959.974,1001.107,2120022100,25434929000.000
20130329,1004.777,1018.469,943.531,972.017,3342207100,37112653000.000
20130426,976.661,1003.888,940.193,971.844,3428323300,40625819000.000
20130531,970.446,1093.725,966.512,1082.112,3893721900,46884390000.000
20130628,1082.688,1089.593,862.336,931.325,2647527500,33360203000.000
20130731,934.633,1033.890,924.735,1005.060,4069199100,46421861000.000
20130830,1004.040,1101.756,1003.581,1067.980,4189270200,46056870000.000
20130930,1065.547,1151.186,1059.695,1129.700,3330529900,36462878000.000
20131031,1132.368,1224.235,1125.334,1186.173,4008760400,48687100000.000
20131129,1171.178,1270.812,1128.568,1270.812,3470583100,45087367000.000
20131231,1233.704,1336.796,1175.974,1285.004,5304979700,70759077000.000
20140130,1286.330,1313.211,1198.360,1299.120,4029650800,61675424000.000
20140228,1290.206,1447.832,1278.812,1322.378,5121304500,79611113000.000
20140331,1322.592,1363.489,1229.105,1235.715,4349871400,64847176000.000
20140430,1234.120,1324.545,1199.867,1245.845,3704904300,62613409000.000
20140530,1241.715,1273.650,1212.292,1251.985,2819631800,40751639000.000
20140630,1250.770,1347.102,1235.460,1347.102,3154901900,44966916000.000
20140731,1347.861,1439.136,1344.269,1439.136,4820326800,70714184000.000
20140829,1435.925,1519.227,1426.291,1462.820,5346560600,71142935000.000
20140930,1463.510,1611.928,1463.185,1607.442,6659803700,92339063000.000
20141031,1607.559,1627.793,1519.901,1603.396,5241837700,75277143000.000
20141128,1615.221,1729.071,1615.020,1708.516,6456184500,107936130000.000
20141231,1706.022,1753.256,1551.938,1585.485,9099131700,160455530000.000
20150130,1584.149,1783.858,1580.931,1736.376,7511151500,143890510000.000
20150227,1715.126,1830.041,1686.191,1829.553,4117001400,79628973000.000
20150331,1838.197,2239.663,1832.342,2219.527,10745985200,211141110000.000
20150430,2217.902,2634.177,2217.902,2609.652,13678836000,332289870000.000
20150529,2614.335,3736.414,2454.847,3533.468,13829970000,357679470000.000
20150630,3581.902,4140.955,2747.300,3146.718,16098727000,454655440000.000
20150731,3108.957,3303.059,2035.896,2926.408,18596740000,359721750000.000
20150831,2861.945,3378.110,2176.213,2381.500,14271572000,234632330000.000
20150930,2340.137,2413.372,2033.433,2309.323,9319304200,125321529000.000
20151030,2396.712,2979.874,2376.354,2928.651,9974097900,159998160000.000
20151130,2861.698,3740.364,2857.549,3536.987,12231392600,253227730000.000
20151231,3536.456,3845.353,3375.186,3774.316,11334246500,250914290000.000
20160129,3770.910,3770.910,2509.859,2644.782,7088802400,142170450000.000
20160229,2639.185,2939.301,2460.370,2492.790,5610413800,97342470000.000
20160331,2501.159,3060.935,2458.471,3021.838,8863558500,146288750000.000
20160429,3005.181,3262.571,2966.250,3240.690,7625935100,136816970000.000
20160531,3248.076,3418.189,2988.742,3274.263,9088200700,131303559000.000
20160630,3282.586,3490.097,3162.147,3490.097,9782761600,145844110000.000
20160729,3497.155,3771.229,3483.137,3628.009,10360558800,172925040000.000
20160831,3602.267,3771.179,3510.220,3706.373,9102365400,142222450000.000
20160930,3706.036,3801.692,3653.442,3776.819,8712341500,146916040000.000
20161031,3795.961,3935.494,3780.267,3867.055,6356327900,108984431000.000
20161130,3871.474,4098.673,3859.325,4013.104,10232027700,193290830000.000
20161230,4023.692,4044.456,3673.268,3762.711,9868591600,197677900000.000
20170126,3765.372,3842.237,3457.138,3642.014,5027691300,85702412000.000
20170228,3641.423,3891.924,3606.173,3881.436,6366174200,114397716000.000
20170331,3884.054,4073.010,3832.216,3969.154,8916428500,179941530000.000
20170428,3969.154,4061.972,3712.439,3849.337,8104560500,171705990000.000
20170531,3831.648,3904.798,3532.013,3688.627,9200792100,180481250000.000
20170630,3684.196,3915.322,3561.806,3868.807,11705367900,234149270000.000
20170731,3869.909,3899.944,3556.827,3684.468,8839555600,186476010000.000
20170831,3684.620,3801.265,3581.725,3766.232,8523921200,160608680000.000
20170929,3768.670,3865.007,3728.762,3836.342,7607851100,151109890000.000
20171031,3871.340,4008.594,3865.278,3929.605,7853654600,167363890000.000
20171130,3927.581,3962.684,3577.207,3599.518,9489650700,238280560000.000
20171229,3597.161,3630.699,3458.074,3553.653,6204030700,154692110000.000
20180131,3556.275,3645.631,3323.468,3336.355,8868335200,240054920000.000
20180228,3327.545,3332.397,2915.619,3175.398,5771082900,150694000000.000
20180330,3156.960,3385.011,3015.061,3228.560,8687903600,201333480000.000
20180427,3223.506,3239.146,2992.925,3044.074,6059029700,158627900000.000
20180531,3044.780,3240.015,3029.162,3117.520,6942039700,167979030000.000
20180629,3108.658,3202.245,2685.188,2776.209,7644158400,192711480000.000
20180731,2766.102,2782.890,2571.069,2718.155,8200155300,174549070000.000
20180831,2719.838,2725.935,2392.779,2436.436,6879220900,148840050000.000
20180928,2428.357,2447.114,2301.005,2401.213,5294615400,88333974000.000
20181031,2361.335,2361.413,2004.369,2168.640,5831114500,92684090000.000
20181130,2174.034,2407.205,2168.541,2265.509,11982234700,138368500000.000
20181228,2317.737,2381.589,2169.474,2178.418,8361397200,108491195000.000
20190131,2184.528,2324.416,2100.431,2169.552,10037812700,132757490000.000
20190228,2184.196,2592.506,2183.923,2545.216,9636063100,126691892000.000
20190329,2555.737,2889.212,2537.830,2852.160,18101657000,241723590000.000
20190430,2870.353,3079.584,2758.593,2789.843,16732137000,289164070000.000
20190531,2695.729,2733.894,2548.163,2608.108,9988489400,158595080000.000
20190628,2612.089,2658.214,2454.557,2620.326,6859818400,120731068000.000
20190731,2667.070,2734.653,2483.054,2543.789,7748981800,137790980000.000
20190830,2534.338,2537.938,2311.861,2476.053,7913851200,131525714000.000
20190930,2471.922,2679.463,2471.230,2529.623,10381807000,154996690000.000
20191031,2537.405,2636.795,2513.854,2549.452,7277899200,114936774000.000
20191129,2547.092,2654.447,2460.266,2488.467,9680909400,173049480000.000
20191231,2494.244,2687.703,2477.177,2686.431,9799337800,157524350000.000
20200123,2702.094,2878.857,2637.382,2664.088,9455865300,157623110000.000
20200228,2403.479,2913.457,2307.276,2761.855,15919613000,269484360000.000
20200331,2769.067,3013.913,2556.417,2632.747,20734658000,293241400000.000
20200430,2614.138,2768.950,2569.718,2703.507,13747273000,197624770000.000
20200529,2679.627,2827.255,2668.267,2822.494,9738757500,175367960000.000
20200630,2846.224,2946.805,2817.070,2946.370,11042604300,198635730000.000
20200731,2950.496,3340.476,2944.134,3262.202,20412482000,399056010000.000
20200831,3280.865,3537.605,3227.177,3488.691,17749781000,291897710000.000
20200930,3483.448,3606.822,3331.397,3360.681,18646130000,252852880000.000
20201030,3412.184,3667.524,3412.184,3575.060,11400046900,194686960000.000
20201130,3583.172,3824.919,3580.964,3581.504,16855703000,346576810000.000
20201231,3573.060,3662.925,3465.028,3541.078,16791310000,318558370000.000
20210129,3547.422,3596.300,3352.262,3397.872,15427198000,346038070000.000
20210226,3377.384,3531.864,3303.509,3414.868,9704915000,253338090000.000
20210331,3423.029,3571.363,3344.187,3571.363,12451997100,273078060000.000
20210409,3566.624,3677.788,3556.185,3657.293,2855692000,55252825000.000
