20070831,1005.315,1263.334,924.019,1260.975,631202910,9310678000.000
20070928,1286.783,1670.929,1286.783,1586.733,592543320,13014855300.000
20071031,1590.747,1610.508,1276.303,1405.873,437295860,9221454900.000
20071130,1403.111,1403.111,1110.428,1119.166,2429671000,85698106000.000
20071228,1110.634,1357.579,1110.634,1340.241,1596050000,44659747000.000
20080131,1372.368,1403.172,1095.060,1098.592,1283042770,32189650000.000
20080229,1095.688,1271.244,1060.493,1271.244,1425642900,32935752000.000
20080331,1262.873,1342.065,954.002,954.002,1834737400,36591986000.000
20080430,952.100,983.016,818.706,983.016,1429510200,24319037000.000
20080530,994.701,1051.992,933.419,981.670,1418615000,24170298000.000
20080630,974.884,991.804,765.904,772.107,628714940,9786744900.000
20080731,762.721,899.170,746.060,848.560,804826830,11518858300.000
20080829,834.102,835.894,667.329,685.234,401823250,5011276600.000
20080926,675.817,675.817,580.163,626.451,772379000,9063149800.000
20081030,617.855,617.855,508.383,524.819,771745070,8244638100.000
20081128,522.884,697.439,516.094,618.408,816876430,7161286400.000
20081231,618.036,753.836,618.036,652.184,1222301130,11583784900.000
20090123,661.986,819.452,661.986,807.988,812924580,8149846200.000
20090227,818.803,1044.199,818.803,926.373,2241863300,25859613000.000
20090331,901.024,1178.822,901.024,1151.224,1953678900,24021884000.000
20090430,1150.594,1256.741,1096.081,1164.989,1856675900,22340008000.000
20090527,1168.238,1445.857,1168.238,1445.857,2192177100,28166255000.000
20090630,1460.558,1592.453,1460.558,1568.840,2305977600,35773533000.000
20090731,1569.615,1907.093,1568.813,1885.213,3468056600,59322229000.000
20090831,1887.564,1917.046,1393.945,1393.945,2034302200,30492964000.000
20090930,1376.056,1619.682,1373.591,1385.013,1468645900,21745173000.000
20091030,1425.816,1609.586,1425.816,1533.009,998501480,14674495000.000
20091130,1495.977,1771.588,1495.977,1678.320,1933731700,29453384000.000
20091231,1676.367,1765.105,1520.688,1645.935,1574628900,23216405000.000
20100129,1656.622,1765.969,1545.537,1564.838,1611486500,22640687000.000
20100226,1559.498,1645.954,1515.670,1645.954,582415710,7991257800.000
20100331,1664.178,1748.151,1644.407,1727.402,1258206340,18016437000.000
20100430,1730.479,1802.268,1635.229,1690.920,1261911120,19841599000.000
20100531,1671.354,1759.394,1547.409,1693.235,1174180690,21791107000.000
20100630,1684.232,1702.134,1474.014,1474.014,731406730,11957989100.000
20100730,1469.121,1683.232,1440.896,1683.232,1064784190,14716970000.000
20100831,1689.854,1975.207,1679.839,1975.207,1106353240,18114141000.000
20100930,2011.524,2332.663,1972.224,2278.764,1323164040,21898592000.000
20101029,2312.529,2585.521,2312.529,2507.396,1823774800,32320630000.000
20101130,2525.761,2817.369,2382.435,2421.924,2417565800,42255132000.000
20101231,2433.838,2609.111,2370.665,2534.299,1278818810,21673916000.000
20110131,2546.698,2606.041,2242.304,2385.939,875938680,13437169000.000
20110228,2397.896,2678.940,2355.371,2652.154,943572220,15419030000.000
20110331,2666.297,2814.684,2556.652,2773.147,1533247700,27146872000.000
20110429,2833.658,3431.659,2799.795,3110.496,1529289600,28115908000.000
20110531,3130.394,3380.203,2868.241,2961.590,1256019030,19840966000.000
20110630,2946.403,3146.823,2866.375,3086.484,1023038580,14763804000.000
20110729,3107.496,3357.234,3066.537,3197.483,1258318740,23303758000.000
20110831,3197.694,3280.525,2822.507,3075.655,782698340,12285337800.000
20110930,3082.375,3102.067,2669.911,2699.702,614972350,8831223700.000
20111031,2722.637,2728.933,2376.309,2599.211,458624480,6189162400.000
20111130,2570.184,2742.122,2466.037,2484.007,693280220,9437020000.000
20111230,2549.371,2579.269,1811.651,1908.176,497231920,5372909100.000
20120131,1931.667,2178.154,1745.376,2031.143,531263990,6063210400.000
20120229,2004.074,2641.726,1994.837,2594.423,1132917890,14972545000.000
20120330,2594.140,2676.257,2222.455,2240.272,1006596870,14313812000.000
20120427,2222.774,2434.587,2197.416,2365.971,530810030,7013648700.000
20120531,2381.029,2532.539,2192.236,2297.508,807134800,10174635300.000
20120629,2296.359,2307.463,2022.667,2080.898,434534840,4834774500.000
20120731,2095.117,2128.064,1886.149,1889.084,451603070,4877942900.000
20120831,1888.139,2147.656,1851.302,1988.958,559361190,7054610700.000
20120928,2014.151,2227.404,1971.867,2102.312,595561020,7447969900.000
20121031,2087.595,2169.557,1996.471,2012.228,476700340,5345099000.000
20121130,2028.996,2069.517,1760.700,1783.712,468207220,4822850900.000
20121231,1786.565,2154.810,1679.269,2138.395,1237494940,13275812900.000
20130131,2206.467,2385.198,2147.118,2243.481,1686302800,20075902000.000
20130228,2226.654,2340.938,2060.327,2134.723,896721750,10011419200.000
20130329,2125.116,2135.434,1873.067,1886.017,824119200,8674139900.000
20130426,1877.844,1965.586,1771.142,1807.186,551377150,5643789300.000
20130531,1795.439,1935.023,1762.909,1895.794,900752690,9808814400.000
20130628,1889.474,1913.172,1386.225,1437.452,1637349700,11545380900.000
20130731,1436.733,1613.903,1427.868,1481.510,2859941200,16997158000.000
20130830,1480.028,1679.417,1475.254,1584.525,2724676900,14994325000.000
20130930,1584.877,1706.625,1549.573,1559.426,2449315700,12751437700.000
20131031,1558.256,1630.425,1445.459,1493.332,1894656200,9706444900.000
20131129,1491.009,1576.036,1443.413,1556.815,1708661300,8847299400.000
20131231,1531.214,1574.817,1433.427,1495.077,1817063900,10171470600.000
20140130,1486.960,1496.572,1355.494,1374.396,1557139000,8606108500.000
20140228,1381.096,1491.005,1354.129,1392.823,1935419500,11820043200.000
20140331,1393.171,1428.173,1321.809,1334.291,2221000400,12003531100.000
20140430,1333.401,1395.751,1248.097,1273.428,1781305800,8099373800.000
20140530,1272.704,1367.871,1259.615,1330.482,2437822600,7650356600.000
20140630,1328.471,1350.852,1277.976,1343.033,1629189900,6051688200.000
20140731,1339.963,1612.439,1337.469,1606.602,3668515400,17418306000.000
20140829,1588.728,1665.977,1544.936,1578.351,5070053000,28681895000.000
20140930,1575.983,1721.962,1574.405,1715.790,4567053700,24752555000.000
20141031,1714.074,1746.871,1552.689,1653.253,3863946600,18920048000.000
20141128,1652.426,1739.842,1639.197,1727.736,5629291100,31113112000.000
20141231,1722.552,1830.765,1612.333,1668.487,13763014000,98471149000.000
20150130,1671.323,1762.834,1568.543,1714.368,9808400600,93440333000.000
20150227,1682.823,1793.049,1654.247,1783.193,4297127200,36946145000.000
20150331,1786.581,2173.913,1778.913,2136.808,11768503600,102133438000.000
20150430,2135.739,2654.709,2132.534,2610.919,18530460000,190747580000.000
20150529,2605.697,3554.129,2424.925,3290.581,9891196600,118319206000.000
20150630,3298.572,3677.852,2343.924,2673.418,12790067500,149039300000.000
20150731,2618.278,2686.450,1663.166,2168.178,19938723000,204618580000.000
20150831,2138.907,2626.365,1622.900,1754.249,11974038400,100707327000.000
20150930,1723.330,1726.181,1401.670,1548.541,6231129700,43019356000.000
20151030,1606.030,1857.906,1590.351,1814.662,6582608600,49942243000.000
20151130,1778.368,2134.422,1765.666,1944.384,8447124400,87294473000.000
20151231,1919.884,2258.285,1866.140,2182.508,11774699500,112575423000.000
20160129,2170.405,2180.325,1487.836,1574.010,9092655900,64419240000.000
20160229,1568.716,1823.629,1518.204,1593.930,5594736900,42634628000.000
20160331,1592.046,1951.737,1584.946,1853.065,10483185700,79258505000.000
20160429,1842.410,2015.091,1790.441,1826.677,6208771400,52089090000.000
20160531,1817.341,1857.636,1637.075,1769.506,4416999100,50232481000.000
20160630,1766.804,1825.181,1683.424,1779.119,2437219100,35144653000.000
20160729,1775.052,1934.591,1769.207,1809.539,3346519600,41550357000.000
20160831,1814.163,1974.667,1777.570,1880.712,2965595600,32713152000.000
20160930,1876.951,1906.856,1804.664,1843.528,2589559500,19029293000.000
20161031,1859.300,2008.580,1854.589,1953.722,3087526100,24362423000.000
20161130,1949.619,2150.348,1918.818,2046.793,6221291400,58842568000.000
20161230,2076.585,2092.035,1894.654,1956.529,6570240000,47568229000.000
20170126,1954.572,2023.368,1803.508,1910.024,3450060000,23349324000.000
20170228,1908.114,2015.104,1876.140,1944.392,3903620500,28759953000.000
20170331,1936.420,1971.513,1825.543,1851.857,4209853800,28388733000.000
20170428,1852.227,1966.397,1691.914,1747.966,3897323100,25945022000.000
20170531,1742.528,1744.276,1588.928,1673.744,2664114100,21916244000.000
20170630,1669.393,1723.495,1605.915,1720.064,2638551200,23841753000.000
20170731,1720.985,1960.615,1688.077,1957.186,4660900100,47123569000.000
20170831,1960.103,2004.035,1826.916,1996.457,5965578800,62065933000.000
20170929,2008.448,2167.179,1967.245,2055.211,5975682900,76062597000.000
20171031,2078.782,2084.490,1900.461,1938.040,2645553300,31182869000.000
20171130,1941.928,1994.877,1729.279,1833.203,4921345200,45116926000.000
20171229,1826.790,1869.681,1712.052,1766.104,2994097800,30515658000.000
20180131,1752.942,1854.233,1647.341,1657.738,5065925300,45718322000.000
20180228,1648.941,1663.444,1423.638,1568.049,2724789800,23913696000.000
20180330,1559.494,1648.058,1427.919,1540.510,2996099700,28922935000.000
20180427,1543.935,1553.774,1364.993,1369.793,1471604900,13766509000.000
20180531,1370.559,1434.458,1271.750,1302.496,3628793300,22831536000.000
20180629,1293.951,1320.378,1035.942,1132.350,2580506600,13329822600.000
20180731,1129.096,1178.270,1028.256,1141.449,2854505900,15427763000.000
20180831,1140.720,1164.397,1051.016,1109.922,2971717200,18050269000.000
20180928,1110.324,1161.794,1071.596,1161.141,2347180000,14579099000.000
20181031,1145.641,1220.243,993.148,1075.143,4509065500,25635110000.000
20181130,1077.683,1203.109,1057.940,1084.355,4747378700,27650573000.000
20181228,1112.782,1134.066,991.446,1002.242,2464946900,12900237700.000
20190131,1006.993,1118.082,974.362,1042.348,3865961700,16833043000.000
20190228,1049.576,1270.266,1044.846,1254.948,4955477500,25534964000.000
20190329,1255.598,1366.431,1246.380,1323.236,8153008400,45145905000.000
20190430,1339.914,1519.125,1315.855,1349.948,10098387400,57689192000.000
20190531,1306.894,1327.487,1218.371,1308.732,5861794500,30862523000.000
20190628,1298.775,1391.597,1217.572,1332.359,5933523100,32252492000.000
20190731,1360.761,1413.946,1305.679,1305.809,5664114300,33916556000.000
20190830,1298.943,1301.884,1174.732,1207.894,3649774900,19039586000.000
20190930,1208.003,1336.025,1205.924,1211.000,4830132200,25012763000.000
20191031,1214.416,1249.953,1170.645,1195.906,2434809400,12998333300.000
20191129,1185.647,1217.567,1122.824,1167.507,3221138700,15419496000.000
20191231,1163.297,1229.335,1154.921,1227.776,3233355400,15708217000.000
20200123,1240.305,1299.761,1196.233,1207.457,4736265200,22866995000.000
20200228,1088.111,1202.619,1022.514,1097.128,5905938300,27182871000.000
20200331,1105.747,1195.014,1038.312,1071.159,6952946600,29084637000.000
20200430,1064.491,1137.738,1031.136,1062.524,7875059000,30457356000.000
20200529,1062.076,1099.994,1058.528,1080.644,4116497300,16247625000.000
20200630,1066.742,1157.834,1066.742,1143.618,5909050600,23665416000.000
20200731,1147.540,1345.651,1138.534,1292.561,13110565100,53214070000.000
20200831,1301.993,1380.819,1284.681,1302.283,10717549900,42863469000.000
20200930,1299.363,1309.239,1204.299,1211.439,6695630700,22836971000.000
20201030,1231.153,1277.823,1204.346,1205.734,2851209800,12836964100.000
20201130,1206.867,1449.971,1200.954,1390.975,9940991500,44700481000.000
20201231,1382.741,1503.116,1371.664,1416.512,8444581000,50112998000.000
20210129,1419.463,1440.270,1242.010,1256.066,7072951700,38181955000.000
20210226,1252.230,1543.069,1227.808,1442.231,7829712800,36945294000.000
20210331,1453.102,1548.873,1373.768,1431.079,11077585100,61156302000.000
20210409,1430.721,1476.295,1422.530,1461.258,2009062500,10199652400.000
