20070831,1001.523,1106.495,939.320,1106.495,3576818000,35310562000.000
20070928,1120.970,1245.657,1084.707,1171.506,3189455600,36248342000.000
20071031,1179.728,1179.728,956.556,1020.598,1732917300,19945741000.000
20071130,1018.021,1018.021,926.165,979.178,936583010,8896170800.000
20071228,973.994,1216.990,973.994,1213.531,1481847200,17405991000.000
20080131,1211.899,1452.888,1211.899,1247.730,3011126700,44144353000.000
20080229,1229.291,1526.765,1184.048,1519.453,2307648100,35341532000.000
20080331,1517.668,1675.383,1231.195,1231.936,3177191900,47667825000.000
20080430,1214.021,1371.756,980.744,1371.756,3312886000,47746486000.000
20080530,1380.758,1685.811,1357.324,1417.161,3510224000,62664057000.000
20080630,1414.599,1418.947,1094.902,1137.480,1363696400,21985228000.000
20080731,1138.965,1468.473,1100.705,1362.888,3590098700,54209513000.000
20080829,1347.817,1377.122,992.833,1052.661,1714345800,20250062000.000
20080926,1039.062,1046.319,866.846,921.944,1510966100,14808999000.000
20081030,917.717,995.505,840.118,895.399,2384229000,22472503000.000
20081128,887.860,1190.082,885.507,1020.103,3078009900,26670196000.000
20081231,1015.893,1268.736,1015.893,1080.338,4109340900,40006833000.000
20090123,1096.288,1202.629,1096.288,1202.629,1835967100,17740376000.000
20090227,1246.536,1507.745,1246.536,1295.562,4570906300,52737152000.000
20090331,1262.726,1411.111,1237.343,1354.190,3679894200,39996328000.000
20090430,1358.609,1468.007,1288.219,1323.828,4286752000,48268392000.000
20090527,1329.297,1418.215,1316.178,1369.522,2171876900,22249940000.000
20090630,1375.300,1450.045,1360.974,1404.106,3143325700,30104637000.000
20090731,1406.817,1566.119,1406.817,1492.238,4457123900,49611581000.000
20090831,1497.652,1687.628,1317.271,1377.404,4064304100,46957417000.000
20090930,1359.195,1596.593,1322.003,1413.995,3077913300,34897406000.000
20091030,1438.369,1649.416,1438.369,1575.265,2102736800,24491663000.000
20091130,1541.085,1946.370,1541.085,1883.009,3886086400,47482309000.000
20091231,1881.357,2074.346,1785.140,1940.124,3391051100,42787999000.000
20100129,1983.036,2084.342,1837.857,1944.425,2715353200,37709180000.000
20100226,1956.585,2029.653,1854.225,2029.653,2664358900,31951129000.000
20100331,2031.726,2166.758,1950.434,1961.267,3226339400,42807984000.000
20100430,1962.542,2117.421,1942.754,1942.754,2915648700,43205217000.000
20100531,1902.692,2060.024,1723.825,1899.757,2811809300,40475845000.000
20100630,1866.197,1967.415,1682.384,1682.384,1572389000,22457935000.000
20100730,1673.350,1888.880,1595.424,1888.880,1923577300,23513166000.000
20100831,1886.294,2289.152,1886.294,2289.152,3353805100,46371568000.000
20100930,2292.178,2393.112,2259.623,2393.112,2222040100,33672854000.000
20101029,2419.673,2660.922,2408.252,2602.577,3101607500,47545130000.000
20101130,2614.155,3042.503,2550.307,2610.676,4226924000,59033411000.000
20101231,2600.197,2918.329,2406.279,2631.676,3336218100,46496358000.000
20110131,2659.480,2841.973,2255.078,2483.214,3385116900,45249276000.000
20110228,2485.270,2976.823,2469.051,2838.985,4158853700,63740000000.000
20110331,2838.435,2855.437,2482.774,2563.477,4060430800,64198295000.000
20110429,2563.257,2681.834,2358.602,2414.171,3251554200,48752366000.000
20110531,2416.459,2531.932,2152.987,2223.559,2181680900,28479174000.000
20110630,2222.312,2330.246,2075.392,2215.108,2461332000,30258441000.000
20110729,2224.135,2453.419,2207.764,2291.485,2896854300,36936283000.000
20110831,2275.673,2397.952,2137.338,2327.979,3110564800,49429411000.000
20110930,2341.406,2385.710,1943.257,1971.155,1508073600,21742847000.000
20111031,1973.566,2115.274,1796.853,2103.452,1152645680,14985645000.000
20111130,2091.140,2286.792,2039.170,2150.720,2581494700,35925011000.000
20111230,2199.326,2221.915,1721.331,1785.901,1929172500,26012411000.000
20120131,1798.325,1810.785,1539.244,1736.462,1714144900,19919652000.000
20120229,1724.354,2038.130,1707.081,1965.241,3255436000,42103991000.000
20120330,1953.768,2047.349,1668.012,1680.947,3412792900,37332950000.000
20120427,1684.939,1825.665,1674.422,1788.969,1906239000,18488140000.000
20120531,1802.162,1817.359,1705.852,1780.318,2499049200,23055499000.000
20120629,1777.424,1795.764,1598.166,1627.312,1624124600,16177409000.000
20120731,1640.149,1713.940,1518.092,1521.735,2694626600,28038520000.000
20120831,1512.097,1726.938,1508.958,1573.316,3410887100,32475607000.000
20120928,1571.917,1704.073,1505.301,1557.399,2267703400,19893463000.000
20121031,1555.192,1613.663,1529.252,1538.246,1546547100,14170646000.000
20121130,1537.015,1593.820,1358.018,1386.901,2098127500,18579975000.000
20121231,1374.617,1625.411,1309.763,1617.206,3811943600,33652061000.000
20130131,1637.319,1781.891,1584.495,1750.003,4470542100,42954663000.000
20130228,1757.683,1785.739,1668.930,1756.961,2695728500,26891567000.000
20130329,1754.501,1811.470,1593.689,1610.108,2856589800,28238657000.000
20130426,1599.038,1643.416,1482.975,1487.418,1711400900,15299550000.000
20130531,1489.991,1679.284,1489.339,1644.100,2791992900,23876640000.000
20130628,1649.054,1654.199,1268.610,1356.906,1286405890,10231869900.000
20130731,1357.290,1464.777,1325.532,1417.883,2333166800,20770773000.000
20130830,1416.455,1585.671,1414.337,1537.132,2912206200,25468404000.000
20130930,1537.966,1840.040,1527.463,1759.101,9346988800,80864635000.000
20131031,1764.964,1995.417,1683.047,1773.203,7984353100,83619244000.000
20131129,1755.076,1993.174,1719.955,1959.663,7948281600,81533947000.000
20131231,1891.996,1990.866,1742.815,1791.036,5644035000,57821270000.000
20140130,1783.424,1796.744,1594.372,1598.743,3131415400,29309743000.000
20140228,1598.856,1864.471,1596.356,1703.303,3926578600,36909870000.000
20140331,1698.214,1787.950,1605.576,1613.044,2851378200,25226863000.000
20140430,1609.543,1732.700,1560.992,1589.823,2615322400,22872611000.000
20140530,1585.749,1653.015,1573.626,1614.485,2150342000,20905136000.000
20140630,1605.557,1608.976,1524.877,1600.530,2585152500,21634009000.000
20140731,1602.023,1754.881,1575.040,1748.579,4353874600,35610953000.000
20140829,1744.972,1899.862,1728.033,1816.783,5597862800,46511768000.000
20140930,1817.918,2376.695,1816.442,2302.007,8255697000,76301385000.000
20141031,2306.754,2369.978,2122.994,2220.976,5527442700,59335239000.000
20141128,2233.909,2430.961,2233.126,2409.963,9572717400,105647918000.000
20141231,2415.720,2488.055,2121.961,2156.375,12409472700,144729180000.000
20150130,2157.897,2392.518,2135.714,2350.191,6722973300,78324528000.000
20150227,2362.464,2389.099,2143.228,2323.121,3511481300,41348265000.000
20150331,2328.638,2820.238,2316.971,2792.217,9208305400,119500558000.000
20150430,2794.854,3400.472,2794.854,3327.771,13091970800,191434740000.000
20150529,3329.065,4632.631,3164.479,4150.234,12681409600,213996790000.000
20150630,4175.412,5211.722,3285.570,3731.952,11401552400,211797080000.000
20150731,3689.267,3837.146,2188.773,3183.499,12988202000,169083230000.000
20150831,3135.371,3986.532,2442.681,2684.264,10899696400,144510990000.000
20150930,2661.210,2785.144,2283.000,2614.635,6644684000,69631494000.000
20151030,2712.305,3191.363,2696.155,3043.671,7433168400,92132088000.000
20151130,2963.394,3567.420,2954.453,3283.545,8078767500,111568650000.000
20151231,3271.870,3661.084,3205.393,3466.300,8370197700,106606318000.000
20160129,3458.638,3461.374,2300.159,2422.187,5027698900,50928222000.000
20160229,2399.661,2720.163,2291.013,2320.133,4206663700,39485493000.000
20160331,2328.125,2848.655,2308.403,2819.517,7352055700,68940651000.000
20160429,2805.419,3112.383,2763.275,2907.904,6120902100,66881490000.000
20160531,2903.925,3015.816,2584.936,2869.292,4148543800,48873710000.000
20160630,2869.358,2968.235,2713.871,2956.804,4251002500,52619647000.000
20160729,2957.100,3111.186,2895.577,2940.513,5570324500,60154936000.000
20160831,2919.620,3145.492,2858.333,3139.568,5235699300,54394080000.000
20160930,3137.475,3166.966,2978.715,3079.849,3586316400,36803856000.000
20161031,3098.944,3297.464,3092.168,3269.371,3413140200,38095224000.000
20161130,3268.855,3588.830,3260.251,3438.945,6622864400,76196045000.000
20161230,3439.669,3579.808,3190.891,3383.668,6016825100,75437430000.000
20170126,3377.613,3509.402,3039.259,3220.254,4104962100,49723455000.000
20170228,3218.170,3348.928,3205.848,3291.421,4314411300,46484763000.000
20170331,3280.230,3324.505,3082.579,3108.164,4735860100,51613365000.000
20170428,3103.674,3163.985,2618.372,2726.115,3200554500,31221557000.000
20170531,2725.972,2785.626,2421.769,2483.017,3030723200,29811575000.000
20170630,2466.845,2602.839,2365.980,2600.014,3515456600,32165804000.000
20170731,2604.172,2703.174,2435.722,2616.348,4567531000,43583343000.000
20170831,2616.225,2705.735,2559.615,2705.735,4613712900,40500716000.000
20170929,2712.739,2885.853,2698.409,2785.427,4143339000,41603114000.000
20171031,2808.811,2961.934,2692.938,2714.389,3060717400,33800025000.000
20171130,2716.876,2723.797,2436.742,2459.429,2206272300,23585346000.000
20171229,2458.881,2504.541,2359.069,2468.908,2035689900,21137609000.000
20180131,2472.197,2512.323,2361.261,2369.184,3614701400,36259501000.000
20180228,2367.922,2372.802,2067.339,2306.812,2814577600,23182625000.000
20180330,2293.034,2500.001,2286.401,2423.937,5043100100,43085028000.000
20180427,2446.390,2623.503,2278.013,2285.255,6476592000,52703953000.000
20180531,2286.891,2406.391,2244.955,2357.064,4569276300,34761386000.000
20180629,2321.757,2348.584,1889.506,2017.725,3514391900,22832574000.000
20180731,2014.190,2156.183,1988.814,2040.507,4019885600,25344825000.000
20180831,2031.351,2136.881,1903.398,1935.939,4050937900,26040370000.000
20180928,1936.620,2021.343,1873.403,1912.556,2556563200,17265936000.000
20181031,1888.694,1892.490,1515.879,1698.507,2084960800,11850630300.000
20181130,1700.689,1882.113,1698.125,1820.990,4684750300,24041975000.000
20181228,1823.245,1878.801,1719.205,1740.485,3018470200,16948746000.000
20190131,1744.377,1860.856,1667.944,1677.107,5313267800,25648683000.000
20190228,1682.869,2062.883,1682.869,2026.758,6092531500,32719594000.000
20190329,2032.081,2314.066,2016.470,2222.165,10108017700,59243588000.000
20190430,2226.052,2391.675,2110.574,2152.790,9467430100,57918443000.000
20190531,2146.554,2637.037,2083.556,2567.504,15484874000,117124044000.000
20190628,2557.902,2806.119,2430.335,2523.936,17639283000,140578470000.000
20190731,2529.028,2579.132,2262.714,2297.572,7835358500,56708237000.000
20190830,2282.839,2393.553,2170.375,2289.901,9016923100,68478104000.000
20190930,2279.845,2448.716,2164.066,2172.794,5590524000,40216757000.000
20191031,2175.897,2262.476,2129.729,2133.674,3112024200,20902455000.000
20191129,2129.506,2165.036,2041.243,2109.320,3727289400,24094316000.000
20191231,2102.087,2276.496,2098.656,2252.941,5285767500,34833869000.000
20200123,2272.260,2599.960,2226.910,2250.200,10050631000,92739723000.000
20200228,2031.575,2485.762,1891.135,2221.502,12628645700,104041843000.000
20200331,2234.089,2640.354,2205.792,2640.354,18070641000,128737600000.000
20200430,2609.179,2802.995,2426.118,2525.930,17714634000,149061070000.000
20200529,2515.978,2876.876,2511.828,2661.745,12360441300,109419702000.000
20200630,2655.380,2763.551,2573.248,2665.679,10643768900,79692455000.000
20200731,2662.110,3291.644,2652.489,3162.072,19804677000,176428900000.000
20200831,3153.175,3857.095,3152.433,3457.915,23922061000,246929680000.000
20200930,3453.165,3581.398,3055.278,3064.347,11237966200,105870731000.000
20201030,3117.351,3373.632,2962.196,2963.670,5998056600,57994035000.000
20201130,2951.212,3090.971,2912.769,3023.645,6570313900,53104535000.000
20201231,3003.920,3596.720,2990.337,3472.052,15858447000,157867020000.000
20210129,3492.100,3598.060,2937.619,2970.818,11139397400,122915419000.000
20210226,2923.447,3258.810,2688.297,3173.224,7561368400,71553623000.000
20210331,3155.585,3240.138,2896.671,3123.331,12392825500,96604914000.000
20210409,3144.691,3157.258,3053.154,3060.781,2618995500,19194223000.000
