20070831,1001.899,1056.858,934.632,1054.222,5245486800,57612556000.000
20070928,1066.470,1096.853,1012.760,1029.984,4160658900,47167779000.000
20071031,1047.968,1052.509,839.353,911.189,2137146100,22529746000.000
20071130,911.614,929.243,850.000,879.446,1788056900,18365167000.000
20071228,878.011,1055.511,878.011,1047.006,2252020900,24162052000.000
20080131,1049.016,1155.248,981.570,981.570,3893060700,44484342000.000
20080229,973.715,1088.242,936.947,1085.771,1959532800,20932379000.000
20080331,1084.200,1127.879,876.728,893.713,3902423800,46542165000.000
20080430,889.440,889.440,666.393,799.921,3400958800,30009877000.000
20080530,809.090,840.915,746.271,763.617,3952388100,33442672000.000
20080630,761.110,775.890,540.925,549.107,2853148500,20021542000.000
20080731,549.074,661.176,537.900,626.799,4309756300,29597005000.000
20080829,640.301,642.894,467.978,499.395,2322007100,13245535600.000
20080926,495.086,499.415,409.637,455.825,2209397500,10825896700.000
20081031,448.374,448.374,337.106,337.106,2016748300,8315819300.000
20081128,332.414,428.632,323.331,395.876,3751549800,14143705000.000
20081231,397.394,486.688,397.394,427.420,5876786600,25785425000.000
20090123,431.730,501.850,431.730,496.739,3249214100,14410938000.000
20090227,501.196,623.753,501.196,537.715,8018782800,41843934000.000
20090331,531.286,680.231,531.286,680.231,7009588900,39038058000.000
20090430,682.161,761.952,659.207,727.021,8661304900,55730094000.000
20090527,728.854,800.450,728.854,787.522,6591308600,43672211000.000
20090630,791.219,857.564,791.219,842.955,6872389000,47479502000.000
20090731,842.330,969.873,842.330,947.879,8644829600,65147521000.000
20090831,947.848,975.973,758.438,773.617,5834524000,42501284000.000
20090930,766.442,933.680,766.442,816.836,5430349600,37366912000.000
20091030,827.775,943.633,827.775,912.559,3865799300,28529111000.000
20091130,896.209,1121.723,896.209,1056.083,8159811300,66002109000.000
20091231,1058.576,1149.896,1021.589,1121.381,6571539200,56284848000.000
20100129,1127.426,1212.371,1075.014,1096.038,4974595600,46123888000.000
20100226,1092.623,1176.475,1071.494,1176.475,2465898500,22040603000.000
20100331,1175.200,1233.191,1156.286,1233.191,7747561000,66416122000.000
20100430,1235.059,1306.239,1119.069,1119.069,5541934800,55021189000.000
20100531,1095.686,1150.216,949.576,1029.674,4584918100,40934616000.000
20100630,1019.848,1064.674,942.165,942.165,3081331600,27759361000.000
20100730,940.466,1105.095,933.722,1102.932,4114907500,36066636000.000
20100831,1105.490,1203.442,1105.490,1203.442,6226846500,56100803000.000
20100930,1202.980,1252.837,1168.685,1187.956,5435707900,49033922000.000
20101029,1198.994,1256.152,1156.782,1255.409,4734179200,44436050000.000
20101130,1257.176,1355.405,1214.557,1276.050,7039591400,67955043000.000
20101231,1273.343,1332.460,1208.569,1262.941,3805432900,40039149000.000
20110131,1268.234,1300.948,1146.661,1203.384,2813866800,27385955000.000
20110228,1204.122,1347.771,1189.824,1347.771,3099144300,28555486000.000
20110331,1347.072,1442.047,1326.526,1378.801,6621885600,63350034000.000
20110429,1375.266,1490.915,1314.771,1354.270,4571489600,45238527000.000
20110531,1353.208,1431.940,1199.675,1231.829,4611289100,49794281000.000
20110630,1230.364,1277.222,1169.647,1270.363,3561961200,35671614000.000
20110729,1271.998,1404.497,1270.853,1343.188,6028297400,61933433000.000
20110831,1340.284,1366.472,1169.141,1323.042,5406110800,54284792000.000
20110930,1323.439,1341.561,1122.861,1138.602,3228743800,28111635000.000
20111031,1143.266,1285.718,1062.286,1173.078,2274665000,19097405000.000
20111130,1166.206,1236.840,1094.361,1104.608,3323452900,28678971000.000
20111230,1135.821,1159.598,866.798,910.197,2524270000,19459654000.000
20120131,917.422,963.169,833.963,915.491,2170050800,15910842000.000
20120229,913.407,1080.071,908.486,1040.563,4317969800,31811350000.000
20120330,1036.921,1107.882,943.935,951.724,4773304700,34414551000.000
20120427,950.717,1055.560,950.336,1019.687,3443562100,25499419000.000
20120531,1025.433,1042.966,967.772,1010.436,3650607700,28013658000.000
20120629,1009.039,1013.000,905.969,926.298,2275472400,16961260000.000
20120731,927.661,940.556,796.000,803.343,2482508200,17236591000.000
20120831,792.631,888.009,792.631,827.122,3556014700,26005919000.000
20120928,824.246,883.960,779.112,804.762,2475082000,16377398000.000
20121031,804.688,858.904,801.301,824.396,3120530600,18899922000.000
20121130,825.283,845.847,717.237,728.210,3124514600,18483195000.000
20121231,727.190,832.149,704.129,828.604,4265917800,24546710000.000
20130131,834.309,876.704,814.243,858.676,4005212800,24925275000.000
20130228,860.393,897.592,847.420,891.262,2811264700,17609073000.000
20130329,891.262,919.831,865.674,887.989,4807866600,31523838000.000
20130426,887.194,898.196,830.435,832.460,2832053400,18176116000.000
20130531,829.500,941.058,827.323,931.260,4040356600,26756870000.000
20130628,932.036,939.116,723.709,769.692,2747592500,17853702000.000
20130731,766.901,823.345,763.938,799.571,3227781800,18806541000.000
20130830,800.385,898.996,799.945,886.054,4161843400,25249298000.000
20130930,887.684,932.114,872.925,901.582,5424792900,34228444000.000
20131031,900.390,948.421,849.212,888.506,3779147700,24621873000.000
20131129,889.019,933.670,870.274,932.655,3703227300,24884053000.000
20131231,911.097,946.655,874.589,923.333,5437222800,39210668000.000
20140130,922.262,931.618,851.563,899.502,3582007700,25200311000.000
20140228,893.866,995.918,890.945,946.199,4640704300,33187724000.000
20140331,947.831,987.278,917.982,932.760,5827375700,38297295000.000
20140430,930.817,971.597,879.507,910.049,4626499500,29258915000.000
20140530,906.736,922.546,886.418,908.758,2394271000,15689343000.000
20140630,907.454,937.814,884.993,937.513,3208561800,21026778000.000
20140731,940.533,1022.992,938.154,1022.937,6099951000,40565079000.000
20140829,1019.651,1123.933,1012.928,1110.933,5855595200,43165609000.000
20140930,1111.440,1270.659,1108.248,1270.460,7445154700,59117360000.000
20141031,1277.180,1323.712,1188.008,1268.075,6405281200,53235663000.000
20141128,1270.163,1349.199,1209.650,1341.187,6657833100,56212346000.000
20141231,1339.096,1344.457,1181.983,1210.035,8820976500,75257865000.000
20150130,1214.840,1388.214,1205.652,1343.092,6175888500,58133616000.000
20150227,1329.241,1474.020,1313.678,1474.020,3705136100,37583787000.000
20150331,1471.478,1849.995,1466.395,1836.170,10465273300,115253793000.000
20150430,1840.989,2330.417,1840.989,2302.334,12883139900,174987410000.000
20150529,2301.318,3160.014,2099.119,2961.098,13633755000,226287340000.000
20150630,3008.568,3872.451,2381.146,2735.064,15898956000,291955020000.000
20150731,2701.745,2816.262,1526.142,2309.847,17292607000,204428820000.000
20150831,2273.683,2881.632,1800.948,2019.819,14742135000,177961520000.000
20150930,1993.561,2028.095,1689.480,1898.626,7218347000,68168837000.000
20151030,1974.430,2449.012,1948.623,2408.108,8725319100,93776549000.000
20151130,2343.329,2940.326,2326.553,2748.657,13264996700,184914600000.000
20151231,2749.277,3113.195,2619.542,3044.493,12597982800,191513500000.000
20160129,3039.070,3042.876,1834.142,1941.013,8711842900,112512162000.000
20160229,1939.135,2305.662,1891.110,1989.226,5078189200,56216868000.000
20160331,1999.172,2452.676,1958.642,2438.531,7741532100,84997555000.000
20160429,2429.590,2661.125,2382.770,2502.310,6799729900,80845491000.000
20160531,2511.198,2626.783,2193.986,2393.265,8093229600,112778566000.000
20160630,2393.497,2499.535,2275.717,2469.691,8316811100,106945125000.000
20160729,2467.684,2595.772,2425.183,2450.699,8452087000,96874456000.000
20160831,2439.634,2537.256,2372.499,2524.132,8482254300,91644334000.000
20160930,2523.018,2598.784,2462.472,2536.364,6492450400,69719705000.000
20161031,2555.312,2661.582,2546.286,2641.524,5370662400,57015732000.000
20161130,2633.199,2943.425,2625.145,2792.215,9808490500,108626877000.000
20161230,2796.268,2808.158,2615.321,2736.144,5141134700,62998283000.000
20170126,2736.509,2787.929,2448.593,2607.352,3630215000,46279217000.000
20170228,2609.653,2726.578,2588.027,2714.442,3691221000,44278504000.000
20170331,2715.676,2789.931,2593.549,2609.531,6225625500,82645383000.000
20170428,2625.768,2687.356,2289.178,2389.493,4428138000,53003149000.000
20170531,2391.303,2403.625,2143.345,2207.491,4014177600,49118998000.000
20170630,2202.470,2295.398,2108.380,2247.078,4273202100,53893640000.000
20170731,2246.036,2283.898,2055.633,2176.924,5277508900,46775031000.000
20170831,2178.952,2248.231,2106.307,2247.894,5055111500,45579860000.000
20170929,2247.118,2295.333,2215.664,2240.572,4842400700,44329427000.000
20171031,2261.774,2295.029,2193.052,2240.501,3625682300,39832470000.000
20171130,2239.404,2245.578,1991.110,2008.555,5037961200,44723628000.000
20171229,2003.640,2023.634,1928.488,1999.593,3751745200,28266477000.000
20180131,2006.345,2038.288,1944.961,1950.733,4443196900,37520747000.000
20180228,1943.520,1945.984,1695.598,1845.659,2330712700,17836909000.000
20180330,1835.582,1925.197,1762.387,1896.520,3893113600,30251101000.000
20180427,1893.370,1912.839,1765.659,1789.211,2850943600,23202762000.000
20180531,1789.415,1884.181,1755.924,1805.364,3114850300,26706924000.000
20180629,1796.983,1821.642,1540.116,1668.217,3271038400,25576182000.000
20180731,1654.784,1690.078,1525.594,1626.165,5330013200,34135337000.000
20180831,1627.863,1635.407,1485.390,1503.229,4562067200,27804490000.000
20180928,1498.923,1514.807,1396.319,1448.080,2575211300,14769968000.000
20181031,1431.211,1436.124,1218.978,1361.490,3737789100,18733773000.000
20181130,1362.655,1563.478,1358.786,1442.843,6626058200,38967193000.000
20181228,1472.262,1496.111,1376.961,1403.851,3337265500,20784274000.000
20190131,1409.353,1484.787,1364.119,1371.677,4395999200,26278990000.000
20190228,1375.945,1613.994,1375.945,1599.415,4486042100,26816058000.000
20190329,1600.618,1849.545,1585.946,1794.669,11639342600,75131048000.000
20190430,1794.490,1904.096,1686.013,1725.669,8083150200,54919040000.000
20190531,1685.785,1740.633,1584.831,1633.369,6333902000,40524400000.000
20190628,1629.807,1648.179,1547.129,1607.736,3136951500,18463965000.000
20190731,1629.931,1651.919,1533.736,1554.144,3049495200,18141982000.000
20190830,1549.855,1555.783,1435.387,1504.176,2826485400,16222270000.000
20190930,1503.208,1589.621,1502.272,1515.632,3226404200,19249097000.000
20191031,1519.780,1603.307,1519.780,1551.888,3643765400,23807573000.000
20191129,1550.449,1580.765,1491.079,1503.814,3659324900,21833754000.000
20191231,1506.297,1625.690,1505.093,1625.005,4572147700,26755088000.000
20200123,1635.110,1684.825,1568.751,1580.719,5592849600,34820857000.000
20200228,1454.861,1732.638,1394.382,1692.700,10234220400,68375214000.000
20200331,1704.695,1895.791,1521.415,1550.194,13240113100,96231850000.000
20200430,1543.392,1648.482,1496.850,1535.487,7106883600,54713376000.000
20200529,1518.945,1577.165,1513.853,1559.390,4763272900,30734010000.000
20200630,1558.997,1669.295,1558.997,1632.751,5629993200,37147628000.000
20200731,1631.212,1880.309,1622.671,1803.364,9484563800,60248817000.000
20200831,1809.051,1883.066,1760.774,1860.544,6881914200,47364248000.000
20200930,1859.412,1866.456,1710.109,1718.939,5714290800,65178501000.000
20201030,1737.659,2001.855,1737.015,1822.375,7335874000,83839008000.000
20201130,1823.853,1919.907,1810.800,1870.682,6461772400,61954091000.000
20201231,1870.153,1912.642,1696.546,1748.382,6939960500,60158681000.000
20210129,1744.671,1750.578,1522.945,1534.506,4626977500,43240718000.000
20210226,1538.254,1675.274,1495.086,1625.966,3007855200,26314768000.000
20210331,1630.017,1696.354,1593.208,1675.771,5562905400,50613479000.000
20210409,1675.511,1721.018,1653.701,1696.139,1574151800,13674053000.000
