20070831,1003.239,1075.910,936.815,1075.910,3842472800,29256513000.000
20070928,1096.870,1119.799,1028.136,1065.716,3513419400,28680767000.000
20071031,1081.907,1081.907,814.363,882.748,1657522800,12084889400.000
20071130,886.077,929.947,839.175,894.648,1115198460,7669595200.000
20071228,895.159,1100.462,895.159,1100.462,1515226500,11938075300.000
20080131,1103.638,1182.840,1052.930,1056.791,2976088200,26146066000.000
20080229,1056.170,1162.343,1015.912,1146.181,1212153340,9820882500.000
20080331,1149.524,1193.240,928.225,929.779,1854112700,13695722000.000
20080430,919.832,919.832,744.946,890.911,1986187600,13815961000.000
20080530,890.408,935.121,854.370,854.370,2040906200,14264979000.000
20080630,856.604,862.139,628.401,637.509,1104683310,5553535800.000
20080731,641.590,750.073,623.959,705.519,1573576200,7925317300.000
20080829,700.492,712.434,528.555,541.380,707196980,2987182900.000
20080926,533.544,533.544,435.928,481.477,795558600,2729924700.000
20081031,472.988,472.988,353.369,365.586,653336870,1897257800.000
20081128,358.945,456.403,351.427,435.507,1904210500,5885696900.000
20081231,450.074,538.313,450.074,482.473,2985722700,10461715900.000
20090123,491.315,546.751,491.315,546.751,1137028710,4075510700.000
20090227,553.407,753.390,553.407,636.506,4332164600,19162982000.000
20090331,623.515,753.637,623.515,753.637,2401377700,11000033600.000
20090430,761.611,877.654,733.279,858.252,3982284700,19656851000.000
20090527,856.262,917.450,840.981,874.491,2480526600,13087681300.000
20090630,885.411,930.400,885.411,887.198,2615580900,13926183000.000
20090731,886.271,1028.111,886.271,1005.871,4203617100,23724232000.000
20090831,1000.662,1047.303,836.419,836.419,2669980500,15153761000.000
20090930,828.966,999.737,827.148,898.544,2171475100,12408644400.000
20091030,912.785,1026.753,912.785,1020.985,2044864800,12224308800.000
20091130,1001.038,1348.594,1001.038,1290.077,4814058900,32850831000.000
20091231,1289.047,1388.869,1226.962,1388.869,3180125400,23666735000.000
20100129,1391.795,1546.435,1313.382,1461.932,3710991200,30736982000.000
20100226,1462.593,1534.411,1404.084,1533.384,1529741200,11718178300.000
20100331,1529.285,1557.574,1422.442,1534.150,2480942500,19945505000.000
20100430,1537.413,1622.730,1313.664,1313.664,2327221800,19229561000.000
20100531,1269.858,1335.265,1074.919,1183.851,2168866000,15395716000.000
20100630,1174.823,1272.610,1078.189,1078.189,2219868800,19185045000.000
20100730,1077.837,1207.148,1048.563,1200.117,2633403100,17798987000.000
20100831,1201.712,1251.096,1184.145,1220.773,3315813900,22302893000.000
20100930,1220.962,1260.864,1163.093,1176.180,2386435200,16617870000.000
20101029,1185.054,1262.125,1185.054,1248.796,3338410900,22377481000.000
20101130,1252.909,1352.994,1217.181,1256.362,3652396800,26264542000.000
20101231,1246.573,1269.837,1165.370,1198.256,2068710400,16179205000.000
20110131,1203.883,1273.423,1101.636,1196.308,1961105400,11373277300.000
20110228,1198.571,1391.626,1184.066,1349.634,2681703000,17308035000.000
20110331,1352.167,1581.703,1304.686,1397.058,4159041800,29134873000.000
20110429,1397.954,1553.437,1370.265,1398.260,5218826100,36767795000.000
20110531,1393.068,1464.788,1175.039,1212.122,5931990100,31023373000.000
20110630,1209.782,1292.236,1097.778,1249.707,5725092800,21743379000.000
20110729,1264.763,1336.155,1204.559,1216.877,4956877400,21613455000.000
20110831,1218.928,1230.517,1061.151,1158.046,6904443800,24916659000.000
20110930,1156.218,1176.321,1031.733,1042.646,4088629200,13212075700.000
20111031,1047.784,1155.254,971.995,1075.550,4415763100,13860479000.000
20111130,1067.492,1155.665,1034.263,1047.558,5086716400,17042584000.000
20111230,1070.507,1083.058,824.349,876.696,2926541600,8685836000.000
20120131,884.185,929.072,815.423,911.358,3277483800,10174927800.000
20120229,916.125,1112.322,903.420,1088.862,6970849700,25499390000.000
20120330,1081.195,1161.540,986.611,1004.343,6937686800,30814505000.000
20120427,1004.042,1110.687,1000.004,1038.641,3520876200,16353497000.000
20120531,1039.264,1072.455,998.674,1055.591,4499594800,18224816000.000
20120629,1052.893,1060.992,999.914,1022.037,2013612400,9500466600.000
20120731,1026.868,1033.821,907.046,913.034,2602831500,11560328200.000
20120831,911.512,954.049,887.399,908.611,2223828500,8209649800.000
20120928,905.658,980.897,895.407,930.451,3300172700,12660178500.000
20121031,930.451,967.365,905.732,916.412,3212248600,10479947800.000
20121130,914.579,933.735,814.142,832.680,3070437200,9086264000.000
20121231,828.239,946.443,809.971,937.412,3819250900,12418989200.000
20130131,943.661,1026.249,925.310,987.062,4914596000,18012550000.000
20130228,984.100,1048.497,978.447,1040.690,3049324700,12586515100.000
20130329,1036.675,1084.825,994.865,1042.953,4774798400,20610229000.000
20130426,1044.204,1103.937,1000.058,1049.271,4378355000,19922067000.000
20130531,1042.233,1222.855,1039.923,1166.450,6466669100,40586835000.000
20130628,1164.894,1179.961,881.299,943.876,4783856500,20262649000.000
20130731,938.800,1086.777,934.947,1070.264,6426893700,26573306000.000
20130830,1066.778,1145.769,1063.732,1081.622,6436794800,26861622000.000
20130930,1084.412,1233.032,1076.590,1231.509,6527694500,27931951000.000
20131031,1223.366,1307.395,1199.058,1260.148,10586662300,45586838000.000
20131129,1245.924,1472.082,1237.109,1468.776,10003903500,46026539000.000
20131231,1444.252,1493.958,1321.291,1369.853,8134011600,39258489000.000
20140130,1370.489,1443.307,1311.912,1408.543,10286737400,37793581000.000
20140228,1394.529,1609.307,1391.884,1542.981,10540913600,43952430000.000
20140331,1548.690,1583.972,1416.943,1451.832,6749696500,31911103000.000
20140430,1448.121,1596.178,1409.454,1450.788,5543271300,25698550000.000
20140530,1447.886,1570.484,1432.347,1527.047,3945886200,20624795000.000
20140630,1519.717,1613.103,1491.252,1606.766,4182953900,26156720000.000
20140731,1606.912,1729.007,1598.173,1729.007,4898985200,26685718000.000
20140829,1723.387,1815.307,1679.338,1756.457,7753258500,35803262000.000
20140930,1762.604,1998.391,1753.822,1994.264,9610696700,53450374000.000
20141031,1998.252,2072.311,1886.008,2004.337,8900442700,41472325000.000
20141128,2032.798,2082.672,1939.832,1976.022,9935707200,49713624000.000
20141231,1971.477,2001.891,1783.806,1813.710,15614522000,80014780000.000
20150130,1820.360,2140.323,1817.538,2103.421,10799846200,63837048000.000
20150227,2075.141,2415.085,2050.010,2407.572,10587623900,71447146000.000
20150331,2407.572,2876.364,2386.144,2843.001,18511858000,141570180000.000
20150430,2847.107,3575.388,2840.157,3530.944,20775180000,173248020000.000
20150529,3533.150,4728.628,3266.427,4319.388,20601498000,181854820000.000
20150630,4357.542,5691.818,3645.421,4295.415,25072537000,254520070000.000
20150731,4224.540,4507.310,2664.596,3569.151,23585103000,178054230000.000
20150831,3499.552,4404.374,2883.385,3149.826,15857044000,120177998000.000
20150930,3085.029,3166.752,2416.713,2458.296,10371167300,69411105000.000
20151030,2548.160,3120.185,2518.660,3021.028,12825416800,89129673000.000
20151130,2951.166,3433.679,2864.559,3111.209,13136355300,101776110000.000
20151231,3107.708,3856.384,3057.774,3769.833,10978184600,83698070000.000
20160129,3799.154,3821.354,2526.202,2651.536,7045648400,48577293000.000
20160229,2638.809,3147.483,2542.293,2650.907,6202883700,41032607000.000
20160331,2650.666,3313.649,2568.729,3282.654,7250077900,53779428000.000
20160429,3278.140,3411.701,3079.427,3136.225,4696595400,37065874000.000
20160531,3143.674,3397.919,2984.608,3355.314,8293927800,60686711000.000
20160630,3386.216,3588.351,3253.446,3503.803,7369737800,62188482000.000
20160729,3503.102,3702.403,3378.932,3418.007,7376154600,59233988000.000
20160831,3412.414,3544.976,3312.360,3490.109,4820601300,39438385000.000
20160930,3518.030,3590.690,3376.640,3512.473,3012000600,30373777000.000
20161031,3530.355,3661.219,3530.355,3566.562,2755522200,27084111000.000
20161130,3580.828,3719.753,3555.170,3665.745,4517055300,41514177000.000
20161230,3667.374,3718.984,3399.212,3416.383,5245705300,37852521000.000
20170126,3414.830,3525.934,3179.519,3376.479,3307538700,20989403000.000
20170228,3383.232,3540.289,3362.973,3488.290,4411060500,29649592000.000
20170331,3477.825,3537.080,3277.676,3294.446,4662796100,36910171000.000
20170428,3295.344,3357.371,2827.184,2951.974,3589102600,24551955000.000
20170531,2921.798,2935.148,2567.941,2687.628,1989846200,15391962000.000
20170630,2676.545,2930.794,2552.916,2909.319,3230284800,23545295000.000
20170731,2905.961,2990.894,2604.075,2823.360,4500378600,26821341000.000
20170831,2819.458,2971.642,2722.828,2929.166,5098171300,31489531000.000
20170929,2929.008,2977.338,2841.535,2929.422,3952844300,24767834000.000
20171031,2955.136,3004.320,2840.238,2899.775,9756878900,47568220000.000
20171130,2889.746,3030.151,2625.897,2658.616,12759392600,68443258000.000
20171229,2655.266,2688.312,2413.425,2484.753,5462930200,26925810000.000
20180131,2484.236,2605.233,2416.259,2420.589,6836070400,35196691000.000
20180228,2420.623,2429.160,2125.233,2349.727,3609146100,17026617000.000
20180330,2332.444,2558.551,2246.086,2517.229,6503891300,34289652000.000
20180427,2526.459,2596.579,2398.061,2457.792,4612528900,29962806000.000
20180531,2455.859,2568.702,2383.319,2431.314,4499725500,28591380000.000
20180629,2419.704,2457.035,1943.304,2070.203,4196261900,21412578000.000
20180731,2061.267,2144.257,1980.021,2080.661,4570986700,24783479000.000
20180831,2084.837,2092.799,1778.781,1779.305,3498286200,14652024000.000
20180928,1771.515,1858.152,1735.017,1817.448,2708108300,13189269500.000
20181031,1789.366,1789.366,1455.125,1635.674,3008870500,11479867000.000
20181130,1652.534,1858.229,1647.533,1713.631,4631620400,18781601000.000
20181228,1757.055,1818.223,1651.515,1659.530,3515086100,15294749000.000
20190131,1666.902,1845.632,1633.953,1690.450,5634182600,23940826000.000
20190228,1692.518,2157.227,1692.518,2110.453,9788739200,39571688000.000
20190329,2114.285,2726.222,2078.622,2496.443,23345079000,115474314000.000
20190430,2513.301,2630.902,2173.914,2207.187,10983528900,55937145000.000
20190531,2142.477,2215.777,1983.894,2062.246,7260991400,33286234000.000
20190628,2049.498,2096.264,1940.557,2029.251,3070545700,17261328000.000
20190731,2068.922,2124.141,1950.444,2026.915,2844944300,15625329000.000
20190830,2024.742,2050.914,1815.083,1993.248,3616183400,18299988000.000
20190930,1987.981,2210.558,1984.566,2024.338,3737589900,20719404000.000
20191031,2035.861,2142.748,2021.099,2022.772,2498091300,15713299000.000
20191129,2021.327,2081.341,1920.072,1961.992,2443254500,13435360000.000
20191231,1965.096,2231.895,1952.358,2158.582,5029803500,25942237000.000
20200123,2164.372,2331.655,2160.628,2197.888,4659340600,27641144000.000
20200228,1998.636,2674.350,1882.145,2445.798,14282614000,95863782000.000
20200331,2471.039,2707.895,2173.638,2174.702,13456684000,95686604000.000
20200430,2161.785,2346.525,2063.371,2201.429,5829700600,35159239000.000
20200529,2172.204,2223.487,2034.844,2106.552,5561407700,32147035000.000
20200630,2103.483,2263.479,2103.483,2134.424,5433028800,27300824000.000
20200731,2146.121,2495.790,2135.731,2367.075,9728525500,60474866000.000
20200831,2377.304,2597.958,2377.304,2537.901,6869156200,42375705000.000
20200930,2529.073,2573.624,2318.592,2390.605,3369247100,20424948000.000
20201030,2417.662,2507.883,2329.444,2336.262,1902493200,10798102400.000
20201130,2326.106,2437.831,2250.372,2252.551,3769012800,22681465000.000
20201231,2242.448,2375.776,2068.150,2143.957,5350450500,28268582000.000
20210129,2150.523,2193.901,2000.034,2099.713,5902887600,38125515000.000
20210226,2081.312,2260.781,1985.051,2242.210,2578903700,15417178000.000
20210331,2226.660,2398.655,2179.796,2185.617,3269568700,38551822000.000
20210409,2177.690,2324.954,2171.364,2285.788,716828020,6903475300.000
