20070831,1004.806,1105.140,946.624,1105.140,4584268000,57965359000.000
20070928,1121.514,1158.062,1071.478,1147.264,3630398300,49130502000.000
20071031,1170.183,1184.029,891.859,968.036,1920950100,26731624000.000
20071130,964.924,964.924,883.095,920.385,1493665800,20684095000.000
20071228,923.337,1116.344,923.337,1116.344,1838316400,28074424000.000
20080131,1125.457,1259.870,1079.529,1079.529,4034996400,58915710000.000
20080229,1075.315,1190.499,1002.789,1190.499,1833318800,26057549000.000
20080331,1192.182,1252.719,941.625,941.625,2272780000,32860754000.000
20080430,940.117,940.117,708.873,863.764,1883546400,22406329000.000
20080530,872.221,918.289,812.759,828.615,2379933900,28045592000.000
20080630,822.661,834.884,588.365,604.398,1803384800,16467264000.000
20080731,606.161,694.802,587.681,658.199,2323122400,20977584000.000
20080829,654.324,665.705,488.327,505.700,1265985330,9657055600.000
20080926,505.422,505.422,401.522,446.522,1262130770,7414495000.000
20081031,439.249,439.249,330.260,330.842,1097553580,5698587900.000
20081128,328.539,417.989,318.579,383.209,2124064600,10638275300.000
20081231,383.078,497.045,383.078,442.062,3968015800,22490506000.000
20090123,451.538,521.543,451.538,516.894,2411440700,15514177000.000
20090227,520.835,662.177,520.835,563.424,5432284400,39970417000.000
20090331,551.358,700.028,551.358,700.028,4615955100,37562848000.000
20090430,703.472,826.982,703.472,765.928,6685440400,58802815000.000
20090527,769.206,842.173,766.569,832.050,4195753700,39116414000.000
20090630,834.881,862.036,828.611,845.896,4256502400,39428346000.000
20090731,844.657,992.947,844.657,992.947,6002122000,61570058000.000
20090831,995.547,1007.479,785.888,819.408,3976701200,39011499000.000
20090930,805.083,1015.508,797.830,868.818,5429407800,56714432000.000
20091030,880.626,1001.556,880.626,954.373,3155749100,35833121000.000
20091130,934.242,1155.158,934.242,1089.683,5937855700,64656330000.000
20091231,1086.686,1168.708,1046.718,1157.673,4834795800,60922418000.000
20100129,1161.692,1313.238,1131.843,1164.321,5381047400,72542939000.000
20100226,1156.362,1227.288,1121.976,1227.288,2203531600,30226824000.000
20100331,1229.520,1360.083,1225.221,1360.083,5801924300,85640988000.000
20100430,1360.545,1480.903,1236.636,1236.636,5429850100,100109924000.000
20100531,1212.922,1274.465,1033.608,1130.637,3526500400,60482116000.000
20100630,1115.747,1218.332,1026.848,1029.752,3158093700,55768018000.000
20100730,1026.773,1152.235,975.242,1152.235,3845743100,52007264000.000
20100831,1152.002,1241.149,1143.857,1241.149,5420205700,74511187000.000
20100930,1242.511,1329.833,1224.909,1259.744,5019288400,74004968000.000
20101029,1265.938,1357.204,1210.299,1357.204,4994717700,78019324000.000
20101130,1366.884,1506.349,1346.656,1454.849,8331149500,143837420000.000
20101231,1451.088,1510.088,1313.080,1371.112,4289033000,72756757000.000
20110131,1375.616,1401.282,1164.439,1241.409,2142775100,33593146000.000
20110228,1241.704,1375.984,1237.477,1375.984,2534777600,41801756000.000
20110331,1376.517,1417.668,1324.058,1326.552,4772108700,70092264000.000
20110429,1325.608,1379.230,1206.678,1232.155,3375226200,46667510000.000
20110531,1231.608,1275.980,1045.053,1142.642,2549928200,31823334000.000
20110630,1142.399,1191.341,1089.683,1188.520,2393547700,29934198000.000
20110729,1192.729,1286.102,1189.189,1222.458,3307332000,42778649000.000
20110831,1216.993,1241.651,1066.271,1189.440,2795312700,37332191000.000
20110930,1192.766,1233.563,1043.558,1055.233,1733255500,19563582000.000
20111031,1059.775,1168.147,987.190,1108.973,2175555400,24545956000.000
20111130,1101.288,1210.174,1077.508,1088.692,4630072400,52016991000.000
20111230,1123.535,1131.702,861.049,936.321,2374203500,25837979000.000
20120131,943.917,1042.783,808.235,888.727,1903648200,19640204000.000
20120229,888.028,1086.276,882.846,1016.480,3997705900,42457927000.000
20120330,1015.218,1108.400,936.998,948.412,3845399900,44386203000.000
20120427,949.544,1039.372,948.544,985.415,2784118500,26808195000.000
20120531,994.461,1031.469,952.785,1009.744,2826692600,30718992000.000
20120629,1009.017,1013.727,938.957,962.692,1817752400,20464759000.000
20120731,969.456,989.782,841.748,843.598,1766609500,19815832000.000
20120831,844.182,943.468,836.582,903.760,2472839000,26595185000.000
20120928,901.084,1001.971,877.413,918.537,3176062100,30609315000.000
20121031,917.809,952.442,887.422,898.217,2223242000,19818212000.000
20121130,897.447,917.957,756.276,768.994,1835319200,17259266000.000
20121231,767.917,894.108,742.998,891.090,3067005800,28385563000.000
20130131,894.156,976.733,869.516,941.581,4254792700,44365675000.000
20130228,941.110,987.666,924.385,987.542,2597285300,27273976000.000
20130329,1007.292,1027.512,937.180,976.366,4004147100,42552809000.000
20130426,972.205,990.485,918.167,927.797,2742011200,33913374000.000
20130531,927.873,1103.940,921.676,1094.031,6359864800,70731707000.000
20130628,1093.246,1097.905,857.311,919.919,3749356500,40863316000.000
20130731,918.049,1107.123,905.324,1040.402,5901055900,66929079000.000
20130830,1042.818,1269.479,1042.580,1166.103,9279407400,98782684000.000
20130930,1160.337,1283.274,1158.782,1283.274,6143247000,66515905000.000
20131031,1288.949,1362.751,1158.276,1196.146,6701155600,74969193000.000
20131129,1189.847,1397.318,1161.068,1395.247,5687004000,75068096000.000
20131231,1343.956,1349.159,1241.590,1290.447,5464454700,76801435000.000
20140130,1288.022,1463.126,1263.424,1453.515,6554622600,92933383000.000
20140228,1443.418,1586.094,1430.948,1515.358,6867929500,106096912000.000
20140331,1539.165,1590.422,1362.707,1375.691,6034917200,102993818000.000
20140430,1372.615,1474.085,1272.266,1310.390,4233351000,63111485000.000
20140530,1309.622,1476.165,1295.838,1469.260,4539316700,70299962000.000
20140630,1470.344,1563.744,1435.267,1563.744,6733057300,105804713000.000
20140731,1570.458,1638.234,1486.947,1604.570,7731882600,134210512000.000
20140829,1597.830,1738.824,1576.421,1690.483,7769641300,114113123000.000
20140930,1700.973,1943.042,1698.786,1940.355,9456246200,157577840000.000
20141031,1948.670,1982.037,1832.019,1940.962,9355266900,122584895000.000
20141128,1943.679,2081.784,1860.216,2073.738,8496214800,122379783000.000
20141231,2074.567,2150.733,1821.120,1854.061,11221043800,186611390000.000
20150130,1852.079,2203.917,1798.020,2097.817,9816152300,158104650000.000
20150227,2075.370,2474.283,2067.468,2474.283,8294507000,142523210000.000
20150331,2474.792,3360.491,2458.491,3186.636,16983728000,352972710000.000
20150430,3184.888,3855.471,3096.564,3788.755,17380544000,397878360000.000
20150529,3799.776,6073.040,3716.873,5724.703,18040354000,544354910000.000
20150630,5804.675,6621.430,3982.768,4585.904,16452568000,548083140000.000
20150731,4553.532,5264.503,2833.731,4222.802,21196870000,481745920000.000
20150831,4133.502,5024.535,2978.225,3267.488,18265979000,378013600000.000
20150930,3182.629,3519.118,2747.223,3344.941,16051533000,281363610000.000
20151030,3474.128,4481.788,3451.707,4403.403,15733842000,329980310000.000
20151130,4241.404,5437.807,4230.279,5035.471,20032558000,512533040000.000
20151231,5011.486,5460.391,4594.013,5189.797,13858849000,389567480000.000
20160129,5182.363,5183.205,3118.766,3313.937,8946071500,197817110000.000
20160229,3314.138,4017.077,3190.418,3217.879,8178472000,165536540000.000
20160331,3203.996,3938.983,3095.783,3864.763,13758271000,284118060000.000
20160429,3831.651,4061.985,3541.142,3655.698,10762202600,230985990000.000
20160531,3668.696,3877.930,3271.468,3729.934,11737805600,224602120000.000
20160630,3728.226,4122.829,3552.883,4066.095,14298414000,282726640000.000
20160729,4072.499,4201.481,3811.825,3844.538,14119351000,281902480000.000
20160831,3822.949,4009.828,3698.446,3931.010,10805365900,185545190000.000
20160930,3929.380,3955.417,3676.300,3755.723,8403305000,126640123000.000
20161031,3780.605,3918.582,3780.605,3819.995,6761665600,116692836000.000
20161130,3819.685,3937.718,3738.895,3838.492,8362758400,158206430000.000
20161230,3836.327,3846.937,3353.945,3413.104,6813759200,116110163000.000
20170126,3417.567,3515.537,3043.320,3213.415,5586990100,92112758000.000
20170228,3215.468,3364.168,3184.833,3344.920,5524636500,84634444000.000
20170331,3336.522,3448.511,3171.938,3195.370,7552165100,131439868000.000
20170428,3201.243,3293.584,2837.053,2942.906,5621054900,100751498000.000
20170531,2930.528,2956.920,2610.595,2703.747,5265244600,96786471000.000
20170630,2693.762,2928.527,2568.793,2872.207,7423175600,142253470000.000
20170731,2867.112,2930.378,2529.387,2690.972,7752959300,139962170000.000
20170831,2689.745,2879.888,2627.288,2868.994,9315886600,157217080000.000
20170929,2872.762,3020.476,2859.348,2950.393,10457806500,183824120000.000
20171031,2998.582,3063.024,2800.947,2835.286,7276757900,145677310000.000
20171130,2833.763,2927.786,2623.652,2667.145,9774797900,216844370000.000
20171229,2661.000,2701.593,2527.606,2594.472,7399092000,139851960000.000
20180131,2599.419,2692.587,2418.986,2426.120,9698711100,146923710000.000
20180228,2419.987,2425.113,2090.876,2354.972,5100564800,81298243000.000
20180330,2339.950,2690.360,2308.743,2690.212,12137311900,212891290000.000
20180427,2699.055,2832.880,2630.543,2728.663,12796630700,217032930000.000
20180531,2737.688,2777.189,2537.726,2572.723,10000055200,165393190000.000
20180629,2555.939,2609.824,2102.103,2296.679,7692627400,115980660000.000
20180731,2294.287,2423.906,2172.574,2301.716,9256675100,148179350000.000
20180831,2301.986,2323.631,2086.186,2139.857,7524290600,119733405000.000
20180928,2136.100,2211.174,2045.374,2088.257,5495753200,86087781000.000
20181031,2049.412,2049.412,1688.217,1820.310,5629608900,70155166000.000
20181130,1849.977,2106.731,1849.977,1945.044,10066060800,111197881000.000
20181228,1995.214,2025.377,1825.932,1828.374,6169176600,66666642000.000
20190131,1834.552,1980.787,1762.434,1777.025,7429373200,80787570000.000
20190228,1785.606,2345.391,1785.606,2274.973,10042973600,115945521000.000
20190329,2281.865,2706.915,2249.547,2625.304,24681409000,339669950000.000
20190430,2655.812,2826.002,2375.482,2402.460,19351623000,263663950000.000
20190531,2315.092,2414.031,2161.301,2354.740,15231326000,190320530000.000
20190628,2360.751,2437.787,2184.191,2332.635,11368005200,142002970000.000
20190731,2382.036,2428.645,2202.134,2318.784,10775295600,139312030000.000
20190830,2307.106,2458.666,2132.807,2379.457,14292907000,181146640000.000
20190930,2388.255,2745.012,2388.255,2483.803,22070485000,305439910000.000
20191031,2488.895,2797.786,2468.843,2605.879,17782339000,221087830000.000
20191129,2594.232,2719.807,2455.960,2497.489,14866928000,202482770000.000
20191231,2502.383,2843.030,2467.139,2734.440,17282246000,244311440000.000
20200123,2757.434,3022.420,2740.351,2853.586,16560167000,257783910000.000
20200228,2569.008,3386.531,2399.334,2955.507,27553105000,477055850000.000
20200331,2999.982,3229.040,2566.353,2571.615,21363913000,362150020000.000
20200430,2563.515,2864.135,2528.511,2725.665,19823473000,312681080000.000
20200529,2695.162,2908.218,2680.419,2731.241,15827657000,274545140000.000
20200630,2753.024,2940.581,2753.024,2910.815,14579346000,248335210000.000
20200731,2922.945,3446.352,2852.613,3211.784,29644397000,551613100000.000
20200831,3223.966,3429.669,3163.370,3378.065,22638628000,389686920000.000
20200930,3362.901,3432.590,2990.135,3005.903,14942095000,244915710000.000
20201030,3054.868,3244.267,2988.026,2988.026,8634432500,138494980000.000
20201130,2985.820,3122.693,2861.031,2886.494,9509134200,154072860000.000
20201231,2890.464,2955.987,2488.524,2612.801,10343816200,153326290000.000
20210129,2623.554,2680.097,2286.246,2310.192,12611386300,186439520000.000
20210226,2298.289,2459.670,2159.922,2386.458,7821310400,123105023000.000
20210331,2394.636,2491.395,2268.360,2420.807,11453823100,156150940000.000
20210409,2418.993,2461.476,2397.790,2420.243,3628028300,41676955000.000
