20070831,1002.140,1125.666,950.722,1125.666,1641691400,27913193000.000
20070928,1142.676,1148.775,1024.101,1095.975,1581519100,23244862000.000
20071031,1115.043,1125.745,928.277,991.573,1083824140,18269613000.000
20071130,990.574,1013.986,947.861,974.913,809227920,14123783000.000
20071228,979.364,1199.669,979.364,1191.253,1315909760,19453351000.000
20080131,1195.881,1308.326,1150.680,1158.990,1887907500,29857741000.000
20080229,1150.112,1250.537,1105.677,1238.379,983577100,14825505000.000
20080331,1232.676,1276.671,983.375,1018.299,1095675700,16643566000.000
20080430,1013.249,1013.249,800.796,962.399,982815520,12377192300.000
20080530,974.656,1037.721,962.668,1007.064,1331886770,17887564000.000
20080630,1005.370,1011.358,764.098,795.334,955164880,10690286200.000
20080731,796.164,900.601,782.034,843.024,1087744840,10412486200.000
20080829,836.933,852.934,635.506,654.069,584174660,5709639700.000
20080926,649.986,649.986,543.937,590.844,632816350,4886595400.000
20081031,582.454,582.454,451.885,463.083,562495320,3647357500.000
20081128,459.994,575.933,447.595,542.021,1160600970,7036928000.000
20081231,541.118,696.639,541.118,667.963,1850577200,13997152000.000
20090123,676.034,724.270,676.034,722.595,1183014310,10068217300.000
20090227,729.649,886.878,729.649,762.694,2905445600,25018479000.000
20090331,751.717,942.761,751.717,942.761,2239813600,23809119000.000
20090430,946.229,1270.795,946.229,1104.697,4213371700,56258261000.000
20090527,1109.059,1177.363,1102.170,1159.564,2864131800,34259615000.000
20090630,1164.904,1175.398,1121.851,1145.838,2858549700,34793197000.000
20090731,1144.358,1363.231,1130.436,1343.403,4712352400,65473125000.000
20090831,1341.933,1359.358,1030.730,1057.484,3138337100,44840937000.000
20090930,1046.732,1329.368,1040.502,1131.785,3759612500,46475377000.000
20091030,1146.055,1327.911,1146.055,1267.218,1959792200,27858074000.000
20091130,1229.354,1506.785,1217.298,1481.998,4344775100,71196332000.000
20091231,1490.043,1578.313,1419.981,1573.651,3710931800,66456600000.000
20100129,1579.339,1806.570,1558.350,1610.214,3975580800,77045432000.000
20100226,1593.929,1718.562,1516.242,1708.272,1397996200,29831110000.000
20100331,1707.342,1860.534,1640.152,1856.785,3669549600,70678380000.000
20100430,1855.853,2007.986,1635.554,1666.912,4648650600,97392031000.000
20100531,1627.049,1708.235,1372.792,1518.532,2766059100,55729255000.000
20100630,1500.310,1703.583,1412.903,1447.511,3402200200,68588004000.000
20100730,1441.898,1584.649,1331.713,1574.575,3236936000,57367543000.000
20100831,1576.915,1740.176,1556.271,1733.578,4285540100,82406474000.000
20100930,1734.586,1847.364,1678.185,1714.940,3902351000,76637809000.000
20101029,1726.605,1886.269,1595.532,1879.134,4273027400,83252674000.000
20101130,1889.637,2106.671,1846.847,2034.652,6247806600,137728430000.000
20101231,2024.258,2114.095,1856.926,1958.159,3397804200,75536709000.000
20110131,1971.420,1988.407,1628.111,1739.617,2149510700,49125520000.000
20110228,1736.323,1887.101,1726.503,1871.628,2372064400,54105224000.000
20110331,1871.723,1901.418,1752.208,1759.318,3761715600,80645761000.000
20110429,1761.502,1798.328,1597.803,1625.148,2775021400,49878143000.000
20110531,1623.711,1667.317,1463.744,1498.111,3288670700,44139305000.000
20110630,1497.460,1564.138,1420.359,1554.188,3247561900,41814718000.000
20110729,1561.516,1698.123,1557.115,1611.756,3544882700,56766288000.000
20110831,1603.672,1695.087,1456.965,1632.371,4197634400,74186125000.000
20110930,1636.438,1649.709,1386.471,1404.970,2012347300,32354065000.000
20111031,1413.466,1524.204,1344.853,1523.581,2370894800,38045434000.000
20111130,1508.935,1679.541,1470.807,1493.454,5585502300,95470065000.000
20111230,1534.187,1549.914,1252.802,1318.842,2786729600,42871736000.000
20120131,1330.582,1337.418,1157.488,1205.932,2361436400,33680229000.000
20120229,1205.624,1487.985,1199.608,1420.751,5243244800,78741541000.000
20120330,1417.364,1533.532,1274.901,1283.857,5376972200,88992157000.000
20120427,1283.617,1399.895,1264.575,1298.750,3708167900,53540512000.000
20120531,1312.374,1377.097,1250.160,1321.330,3994552600,56250047000.000
20120629,1321.288,1351.723,1251.473,1283.129,3363752800,44568510000.000
20120731,1284.303,1319.663,1146.345,1149.759,3624179900,46641412000.000
20120831,1149.101,1280.070,1147.705,1235.620,4009336700,53986292000.000
20120928,1227.947,1357.276,1160.900,1206.526,4851224000,63136469000.000
20121031,1207.684,1264.253,1148.021,1159.165,2973023600,34812828000.000
20121130,1158.708,1181.688,975.006,991.992,3660356000,40727225000.000
20121231,991.082,1179.022,944.404,1172.044,5618543700,60872207000.000
20130131,1176.494,1282.912,1150.622,1243.375,6899513000,87703253000.000
20130228,1239.467,1328.386,1223.278,1317.130,4509984200,61326091000.000
20130329,1318.886,1394.088,1241.820,1283.010,6785120900,88607629000.000
20130426,1278.049,1325.834,1210.124,1259.452,4624073200,63443658000.000
20130531,1252.302,1594.481,1247.817,1567.838,10671071000,148539090000.000
20130628,1563.440,1569.363,1294.652,1437.570,8507168600,123369757000.000
20130731,1428.472,1881.576,1424.018,1718.164,16373121000,233332360000.000
20130830,1722.149,2092.525,1722.149,1892.013,15730944000,242557720000.000
20130930,1880.555,2080.084,1879.624,2077.699,9809431400,155247320000.000
20131031,2080.749,2240.528,1852.242,1922.139,11023512500,185884460000.000
20131129,1912.137,2172.964,1858.517,2172.964,9273934400,163114420000.000
20131231,2074.795,2083.597,1861.390,2042.716,7256285500,126718054000.000
20140130,2039.384,2630.750,2030.132,2598.064,10738455700,189658380000.000
20140228,2578.402,3003.143,2569.687,2761.269,10657772800,225841950000.000
20140331,2767.924,2850.544,2463.206,2490.569,8486706000,178934910000.000
20140430,2484.954,2703.933,2335.250,2400.431,6388643500,119590576000.000
20140530,2396.700,2718.178,2294.576,2700.901,8734707400,145229930000.000
20140630,2693.053,2968.361,2630.579,2967.710,13411669000,227605480000.000
20140731,2971.345,3039.368,2684.842,2925.516,12702880100,220848980000.000
20140829,2915.611,3265.500,2858.343,3211.875,12413320200,227409010000.000
20140930,3214.317,3839.314,3212.873,3839.314,13786637000,281928330000.000
20141031,3869.414,3928.629,3610.019,3826.691,11870322700,255704060000.000
20141128,3833.698,4267.780,3644.958,4244.258,12904146400,290833540000.000
20141231,4254.924,4415.504,3541.526,3623.435,17561327000,435265910000.000
20150130,3623.653,4738.409,3473.552,4472.724,18135452000,474898070000.000
20150227,4421.505,5487.963,4402.491,5453.973,16240260000,457867320000.000
20150331,5445.627,8054.495,5399.958,7481.967,28274816000,965555790000.000
20150430,7460.798,9240.190,7447.349,9051.320,24074118000,1006820820000.000
20150529,9079.926,14841.933,8870.403,14430.945,30438861000,1434463400000.000
20150630,14648.088,16858.185,10321.691,12017.181,27161095000,1316872870000.000
20150731,11769.053,13649.990,7160.448,10494.589,34603176000,1156222480000.000
20150831,10120.117,12002.133,7057.336,7752.764,32082860000,945487440000.000
20150930,7527.493,8639.527,6469.766,8195.393,31598636000,713634010000.000
20151030,8559.691,11278.288,8491.748,11041.778,34525179000,906012730000.000
20151130,10631.191,13859.846,10593.145,12672.289,42119125000,1363895700000.000
20151231,12627.309,14424.533,11575.265,13977.348,33466738000,1125880770000.000
20160129,13987.372,13989.631,8577.532,9172.205,24849812000,665545940000.000
20160229,9126.993,10832.355,8431.594,8479.032,20360382000,513648840000.000
20160331,8418.641,11175.969,8095.140,10964.259,35913333000,916666620000.000
20160429,10880.716,11544.386,10060.251,10318.252,26191600000,713602080000.000
20160531,10340.501,11071.543,9248.013,10746.980,21144587000,532441030000.000
20160630,10760.331,11950.838,10190.617,11848.822,31003948000,821524460000.000
20160729,11870.485,12168.121,10765.450,10877.198,30688010000,763110640000.000
20160831,10794.798,11464.705,10473.613,11263.221,22053366000,538100480000.000
20160930,11261.970,11350.992,10537.346,10744.306,15170839000,363405610000.000
20161031,10845.811,11514.277,10845.811,11304.908,15922227000,382820600000.000
20161130,11314.260,11812.551,11177.018,11511.050,23433824000,582254890000.000
20161230,11506.655,11524.263,9787.778,9962.410,16062251000,353276260000.000
20170126,9989.066,10221.735,8632.802,9442.487,11850819800,254745890000.000
20170228,9458.951,9847.961,9322.010,9786.066,13606655000,303315960000.000
20170331,9790.750,10370.470,9465.325,9532.542,21692651000,533538040000.000
20170428,9548.042,9899.698,8370.757,8725.907,16287902000,329889790000.000
20170531,8704.994,8769.470,7684.047,7976.952,18567906000,350670770000.000
20170630,7918.262,8343.118,7499.894,8115.200,19966771000,353142580000.000
20170731,8123.467,8351.567,7091.837,7527.023,20582626000,379698010000.000
20170831,7526.034,8487.012,7424.855,8487.012,33815506000,627939860000.000
20170929,8523.698,9059.141,8440.464,8641.825,30532705000,613411350000.000
20171031,8759.279,9051.726,8097.312,8216.470,20171492000,372266010000.000
20171130,8217.812,8460.980,7492.679,7567.971,25037915000,542313050000.000
20171229,7556.727,7742.885,7141.315,7405.309,20055908000,388995270000.000
20180131,7432.985,7891.788,7113.719,7123.788,27252886000,474210490000.000
20180228,7104.699,7134.135,6124.546,6998.821,17889709000,278936530000.000
20180330,6945.807,8307.769,6933.501,8307.585,47198210000,813920760000.000
20180427,8374.624,8624.994,7891.455,8299.130,44102598000,792204460000.000
20180531,8295.223,8511.197,7550.598,7693.041,35046923000,619899150000.000
20180629,7641.406,7876.300,6326.680,7044.190,24394586000,397611550000.000
20180731,7032.213,7253.458,6626.611,6755.441,32286421000,486558480000.000
20180831,6784.091,6853.452,6146.535,6429.086,29594270000,426515930000.000
20180928,6407.188,6690.868,6118.204,6237.267,24609374000,341947180000.000
20181031,6116.244,6120.221,5168.734,5662.244,23482886000,278809590000.000
20181130,5789.252,6549.840,5780.288,6030.315,38792851000,437122100000.000
20181228,6188.730,6270.312,5721.536,5745.458,23203577000,246649010000.000
20190131,5757.702,6261.147,5548.481,5585.371,29937515000,332137360000.000
20190228,5595.130,7395.764,5595.130,7172.224,37734535000,469852920000.000
20190329,7193.536,8851.301,7103.393,8373.982,91386620000,1274167670000.000
20190430,8496.357,9113.186,7769.335,7873.579,62094476000,961583740000.000
20190531,7549.936,7738.054,7006.854,7512.569,47855547000,657560290000.000
20190628,7529.291,7985.299,7067.635,7611.493,40558666000,559073930000.000
20190731,7800.638,7933.067,7197.282,7445.063,35197083000,512647800000.000
20190830,7407.128,7821.798,6839.592,7578.676,42969895000,636330120000.000
20190930,7592.403,8828.408,7592.403,7962.244,63172573000,986212230000.000
20191031,7989.770,8747.840,7821.179,8096.616,48828531000,718913880000.000
20191129,8037.918,8374.312,7751.157,7821.167,48134248000,716623970000.000
20191231,7834.907,8879.846,7776.418,8567.244,54662956000,853539770000.000
20200123,8634.943,9722.027,8615.256,9172.175,55132931000,886513140000.000
20200228,8243.884,11084.318,7788.593,9925.957,94659340000,1670385500000.000
20200331,10078.422,10994.367,8717.095,8729.644,80397601000,1435147100000.000
20200430,8703.148,9585.250,8533.584,9118.857,61748324000,908061080000.000
20200529,9019.502,9618.183,8806.146,9042.821,44455266000,751934880000.000
20200630,9132.902,9931.448,9132.902,9904.288,53532753000,903270480000.000
20200731,9943.548,11714.600,9745.176,10690.991,94049839000,1831910000000.000
20200831,10771.921,11213.136,10324.941,10911.011,67204267000,1221041340000.000
20200930,10891.855,11275.493,10050.953,10179.180,70717243000,1074246580000.000
20201030,10345.097,10964.851,10056.681,10056.681,41958442000,722884350000.000
20201130,10063.476,10584.264,9687.784,9758.163,45605192000,787606850000.000
20201231,9757.212,9990.498,8544.949,8956.117,42582495000,712657940000.000
20210129,8980.744,9144.244,8054.149,8139.538,43587563000,816332860000.000
20210226,8094.772,8464.776,7522.217,8191.401,28863931000,509359930000.000
20210331,8241.116,8506.119,7754.585,8080.103,41385588000,621475170000.000
20210409,8078.456,8283.761,8032.755,8154.785,9527934100,128981050000.000
