20070831,1007.981,1259.649,950.357,1205.988,2495498100,148762430000.000
20070928,1213.163,1213.163,1051.766,1180.936,1538116200,100834514000.000
20071031,1211.986,1416.254,1195.685,1373.451,1494091500,101790051000.000
20071130,1363.719,1363.719,1011.453,1035.221,1481614400,99974615000.000
20071228,1034.217,1297.434,1034.217,1283.460,1228701020,73360574000.000
20080131,1289.832,1465.803,1129.783,1139.226,1785053800,102283111000.000
20080229,1138.444,1212.137,1084.999,1133.809,1247114110,61170977000.000
20080331,1119.909,1165.085,756.128,772.579,1838242200,81466652000.000
20080430,761.617,1113.975,676.555,1113.975,4032268100,141493060000.000
20080530,1112.764,1164.824,854.402,973.216,4578760700,158451630000.000
20080630,967.436,1008.435,753.086,773.392,2226864600,64500236000.000
20080731,769.890,855.221,708.812,750.781,3371554400,80288184000.000
20080829,745.770,789.552,542.099,653.054,2738620100,50427117000.000
20080926,642.626,767.463,611.355,767.114,3405370600,61289170000.000
20081030,788.751,822.345,627.179,678.113,4798310500,91129420000.000
20081128,659.658,794.706,619.332,711.356,6164086900,94279994000.000
20081231,705.043,833.917,673.913,673.913,8223622500,117883899000.000
20090123,685.458,848.267,685.458,848.267,5666654600,77875078000.000
20090227,855.095,1113.530,855.095,887.913,9848773300,170859360000.000
20090331,879.683,1168.411,872.338,1168.411,10999613500,182394940000.000
20090430,1175.167,1262.215,1088.920,1148.559,9618859800,185158970000.000
20090527,1152.637,1263.660,1152.637,1253.043,8135457500,157175960000.000
20090630,1267.565,1484.354,1267.565,1441.123,10354331100,223487380000.000
20090731,1436.669,1887.706,1436.669,1867.838,12313460900,320836010000.000
20090831,1878.452,1908.554,1219.795,1219.795,8422116300,214531070000.000
20090930,1202.389,1442.355,1202.389,1248.632,6978713000,157011110000.000
20091030,1275.269,1491.802,1275.269,1411.841,4770003500,110501561000.000
20091130,1363.198,1642.003,1363.198,1539.714,8583081200,209401800000.000
20091231,1536.366,1659.961,1470.780,1631.579,10017603000,237850600000.000
20100129,1641.773,1805.493,1488.264,1499.216,9229402900,238394460000.000
20100226,1495.115,1532.453,1442.700,1503.303,4008213200,97876039000.000
20100331,1498.821,1534.541,1466.398,1499.449,6785314200,163792190000.000
20100430,1497.260,1536.518,1273.426,1287.667,5262495100,119641663000.000
20100531,1252.184,1252.184,989.285,1046.232,5412051600,99161281000.000
20100630,1036.735,1105.707,963.001,963.001,3842410200,63422634000.000
20100730,959.230,1085.212,931.169,1072.994,5801706200,81053086000.000
20100831,1071.751,1143.194,1058.871,1091.681,5613138900,83635612000.000
20100930,1095.108,1138.281,1028.198,1051.936,4586802500,66967835000.000
20101029,1062.524,1461.411,1062.524,1381.659,14540236000,244197200000.000
20101130,1376.115,1476.152,1165.046,1165.046,11433996100,194585260000.000
20101231,1163.198,1251.370,1104.648,1146.048,6917567000,109304579000.000
20110131,1153.127,1189.875,1029.453,1081.147,4381301600,63929512000.000
20110228,1084.583,1216.274,1050.657,1203.408,6744738200,102797087000.000
20110331,1200.613,1253.042,1134.616,1141.630,8155153300,131661868000.000
20110429,1142.935,1235.016,1103.922,1115.049,6031903300,100242327000.000
20110531,1114.576,1126.619,1026.475,1059.114,4116494600,59109834000.000
20110630,1057.259,1102.785,991.242,1087.146,4487960400,65714464000.000
20110729,1088.892,1124.029,1006.479,1030.463,4365715900,64112279000.000
20110831,1023.965,1034.920,900.507,969.105,8538200600,86199587000.000
20110930,970.440,1019.469,923.765,941.073,8356859200,84102116000.000
20111031,946.198,1029.509,930.810,998.597,8737919300,91353130000.000
20111130,987.410,1032.501,843.089,848.698,8453345600,83280239000.000
20111230,885.232,897.047,705.089,738.208,7382610100,60445398000.000
20120131,745.594,830.509,699.834,794.746,6513654500,54404440000.000
20120229,790.397,921.376,765.219,878.624,10953253300,99143610000.000
20120330,874.115,980.334,829.845,852.595,12032312200,128282338000.000
20120427,853.849,1055.118,849.568,1007.711,15368957000,166192130000.000
20120531,1038.422,1094.498,989.301,1079.134,15271123000,183346260000.000
20120629,1080.418,1104.673,941.087,983.893,9734932300,107839191000.000
20120731,987.937,999.202,893.385,901.024,8315787800,89734735000.000
20120831,898.095,942.941,786.998,810.898,8214997700,86602015000.000
20120928,806.600,909.000,805.492,903.307,9538706400,98148402000.000
20121031,898.095,936.004,845.123,858.096,7937204200,84290764000.000
20121130,861.528,892.131,688.974,709.301,7165337000,69822886000.000
20121231,709.301,928.137,687.038,922.515,14093912000,139301270000.000
20130131,932.174,1022.095,862.214,1007.578,16539488000,186028620000.000
20130228,995.487,1091.762,947.399,1033.771,15099895000,179979480000.000
20130329,1030.669,1041.442,890.360,890.550,19739987000,217892470000.000
20130426,894.621,940.045,846.817,901.376,11855701200,123120786000.000
20130531,897.343,1003.120,892.836,967.116,17021264000,191954500000.000
20130628,969.253,982.844,692.379,750.667,11657528500,116802249000.000
20130731,742.449,852.837,718.418,791.708,18581053000,171069260000.000
20130830,796.972,881.044,761.365,813.406,17817361000,178709090000.000
20130930,809.597,896.438,796.510,808.110,16625360000,187094500000.000
20131031,804.423,825.189,762.181,782.296,9464750600,99914325000.000
20131129,783.769,835.942,714.080,819.611,12989496500,138803970000.000
20131231,850.070,883.240,772.553,821.264,14472688000,166037030000.000
20140130,817.186,819.518,749.792,786.104,10566765700,111697339000.000
20140228,779.657,827.409,707.695,748.226,11176490600,119367168000.000
20140331,741.058,749.116,682.390,701.498,12373531800,119781236000.000
20140430,701.731,775.202,701.719,720.721,13992795000,138707030000.000
20140530,717.269,764.155,699.970,711.849,10107756400,98837182000.000
20140630,712.596,718.896,688.649,710.284,7565423700,76373640000.000
20140731,711.775,821.467,698.803,821.467,18126984000,167853920000.000
20140829,815.241,850.756,797.910,812.482,22552153000,221788230000.000
20140930,812.685,899.187,810.653,889.626,24254784000,239664450000.000
20141031,892.669,971.290,850.851,957.247,26415110000,264215450000.000
20141128,961.639,1433.953,951.953,1401.301,63215095000,751712160000.000
20141231,1408.233,2209.689,1369.882,2118.877,121114814000,2520789200000.000
20150130,2132.543,2255.371,1783.290,1894.738,63497648000,1420888900000.000
20150227,1832.590,2127.463,1809.948,2091.201,34907854000,727813800000.000
20150331,2145.192,2607.888,1942.044,2487.211,66727800000,1485570500000.000
20150430,2498.064,3128.244,2478.844,2835.541,83433677000,2203709900000.000
20150529,2828.323,3125.709,2640.706,2748.187,61892819000,1627843000000.000
20150630,2744.602,3118.010,2066.858,2389.531,60410795000,1528917000000.000
20150731,2361.055,2431.148,1676.562,1840.486,75056697000,1481058700000.000
20150831,1802.155,2033.831,1217.208,1366.317,42904933000,668064090000.000
20150930,1339.347,1445.400,1216.420,1302.225,27967512000,354494640000.000
20151030,1381.773,1654.941,1349.728,1568.240,29183716000,409978750000.000
20151130,1529.556,2188.243,1508.612,1777.885,78296862000,1338546060000.000
20151231,1762.310,2092.505,1735.926,1844.034,47274283000,832325730000.000
20160129,1831.356,1839.424,1221.187,1312.004,29400889000,416529290000.000
20160229,1302.547,1421.158,1173.953,1204.021,20580622000,281359150000.000
20160331,1209.346,1576.020,1186.146,1518.725,49214432000,751819170000.000
20160429,1508.912,1581.537,1401.142,1413.771,28708122000,448118540000.000
20160531,1415.729,1466.743,1300.164,1464.804,22189975000,329463170000.000
20160630,1473.299,1538.051,1382.218,1515.940,29652623000,469120890000.000
20160729,1520.663,1628.073,1456.164,1462.069,27814436000,426144090000.000
20160831,1456.275,1650.207,1431.636,1556.056,27516205000,415597650000.000
20160930,1554.903,1561.945,1444.846,1479.808,16636337000,218317680000.000
20161031,1492.500,1591.580,1476.217,1544.681,17447194000,233747390000.000
20161130,1542.679,1717.656,1541.306,1653.110,42892368000,619775810000.000
20161230,1650.926,1669.641,1429.625,1459.122,23464346000,324639420000.000
20170126,1461.122,1481.516,1362.943,1406.487,13368072000,168293620000.000
20170228,1405.362,1538.078,1377.948,1467.513,23459380000,295982940000.000
20170331,1469.176,1504.702,1402.804,1408.962,25167528000,319136670000.000
20170428,1412.578,1464.554,1338.369,1367.730,15979933000,203122490000.000
20170531,1364.156,1365.127,1212.829,1290.323,18641001000,217219230000.000
20170630,1285.009,1348.495,1267.349,1317.809,20410753000,240315540000.000
20170731,1316.019,1379.366,1276.245,1363.214,28563480000,354703220000.000
20170831,1363.763,1517.569,1344.633,1505.735,41909915000,536825040000.000
20170929,1505.299,1524.837,1439.494,1464.625,29512942000,411304640000.000
20171031,1498.155,1503.153,1334.178,1344.836,15531737000,212613360000.000
20171130,1345.802,1410.096,1274.259,1308.866,25471218000,360041310000.000
20171229,1306.441,1316.751,1185.760,1204.709,17030374000,216638880000.000
20180131,1208.492,1374.140,1196.559,1264.784,35824149000,490425150000.000
20180228,1266.401,1273.113,1067.209,1124.765,19684056000,252602920000.000
20180330,1113.648,1181.668,1037.427,1114.338,22821150000,274999020000.000
20180427,1112.222,1142.674,1055.409,1075.137,16562879000,203524300000.000
20180531,1090.682,1119.077,995.594,1008.535,16689267000,199812690000.000
20180629,1004.139,1034.542,868.862,916.428,17478651000,174967600000.000
20180731,914.193,943.379,863.290,905.240,20930447000,204978520000.000
20180831,906.155,912.707,826.147,843.987,15922120000,148330640000.000
20180928,841.789,858.199,806.105,846.479,12627468600,114918738000.000
20181031,833.095,909.245,692.458,884.543,32714888000,257811770000.000
20181130,889.617,1036.887,879.217,922.722,54781511000,453418630000.000
20181228,969.290,973.791,826.888,855.015,24539781000,199324230000.000
20190131,855.233,981.879,843.474,891.909,40752084000,325726810000.000
20190228,906.561,1334.635,906.561,1214.241,60381406000,624509600000.000
20190329,1229.599,1480.143,1211.529,1358.758,105678973000,1280387530000.000
20190430,1368.512,1467.870,1238.517,1250.206,72046730000,893620450000.000
20190531,1181.693,1200.576,1098.833,1149.809,38510563000,415234540000.000
20190628,1159.815,1290.904,1093.934,1251.151,44082181000,520587120000.000
20190731,1294.324,1296.478,1201.705,1214.922,40318689000,467760710000.000
20190830,1206.763,1223.930,1097.610,1163.944,36715899000,423527170000.000
20190930,1164.575,1328.897,1164.316,1190.891,45002799000,558358110000.000
20191031,1190.445,1263.562,1154.588,1163.184,23724071000,284685550000.000
20191129,1158.832,1208.756,1118.759,1129.590,24792647000,269505490000.000
20191231,1147.550,1350.502,1126.086,1339.454,63296048000,718619290000.000
20200123,1367.166,1376.913,1265.265,1277.725,42588807000,532466150000.000
20200228,1150.059,1419.225,1066.914,1277.547,77700651000,921322130000.000
20200331,1298.409,1476.444,1190.402,1210.001,76719745000,956148480000.000
20200430,1204.656,1265.037,1150.165,1205.847,37631324000,461819790000.000
20200529,1184.279,1256.961,1160.377,1179.183,26934775000,319918790000.000
20200630,1212.893,1346.515,1194.940,1292.544,53097370000,649330530000.000
20200731,1288.418,1827.838,1284.336,1631.524,174705570000,2455696000000.000
20200831,1667.288,1735.455,1554.844,1625.256,88609308000,1315451670000.000
20200930,1618.543,1661.777,1485.043,1569.051,58904104000,820750970000.000
20201030,1593.113,1656.671,1461.680,1461.680,35127329000,490923750000.000
20201130,1463.171,1648.709,1441.670,1592.876,53787633000,836155810000.000
20201231,1584.130,1696.955,1482.720,1636.416,68890522000,1012164930000.000
20210129,1660.041,1663.211,1434.970,1452.112,70966671000,1116624900000.000
20210226,1456.427,1465.062,1336.050,1389.071,33246987000,496969450000.000
20210331,1393.152,1423.619,1319.631,1339.855,43863033000,603361100000.000
20210409,1343.024,1378.828,1337.176,1344.928,9755532300,116925202000.000
