20070831,1002.468,1130.864,926.287,1130.864,5159625900,80550048000.000
20070928,1147.221,1231.605,1135.931,1213.758,4168229000,75424645000.000
20071031,1234.469,1234.469,939.221,1038.083,2132800700,40003857000.000
20071130,1039.163,1039.163,931.845,988.885,2168269800,36166312000.000
20071228,983.388,1211.259,983.388,1200.803,2313111600,39269092000.000
20080131,1196.777,1278.939,1060.126,1060.126,2604308700,49119070000.000
20080229,1059.060,1208.450,1005.426,1208.450,1406339700,24614703000.000
20080331,1203.080,1293.400,946.254,963.329,2628687800,43607160000.000
20080430,954.272,954.272,718.601,891.502,1945078800,27241091000.000
20080530,897.187,947.564,829.298,859.582,2223573000,31964714000.000
20080630,852.082,864.216,633.834,648.087,1000573360,12731007000.000
20080731,647.821,805.376,631.951,759.842,1985030600,21318956000.000
20080829,758.064,776.302,576.061,629.232,1170089710,11277162900.000
20080926,622.052,625.987,561.581,600.307,1092464860,9720342500.000
20081030,601.793,601.793,507.675,527.452,1151522950,9170918700.000
20081128,522.293,681.698,521.375,597.252,2260878100,14399424000.000
20081231,597.062,743.543,597.062,648.114,4524518000,35193826000.000
20090123,657.601,768.034,657.601,759.188,2275108400,18754983000.000
20090227,763.007,997.662,763.007,863.320,5766713000,55323899000.000
20090331,850.222,1083.069,850.222,1083.069,5322254700,51433299000.000
20090430,1087.952,1184.051,1039.976,1124.167,5225976700,53852259000.000
20090527,1129.152,1224.802,1129.152,1213.531,3705629500,38152577000.000
20090630,1225.835,1277.706,1225.835,1250.110,4062366100,44214352000.000
20090731,1251.449,1465.170,1251.449,1426.372,5885089800,73188718000.000
20090831,1435.131,1467.429,1152.353,1161.332,3582039400,42808577000.000
20090930,1150.737,1388.124,1150.737,1207.203,3569681400,39273607000.000
20091030,1226.383,1399.130,1226.383,1378.608,2957477900,34880983000.000
20091130,1356.726,1667.286,1356.726,1589.959,5558211700,69301932000.000
20091231,1583.948,1687.596,1480.898,1636.872,4280456900,56162175000.000
20100129,1640.718,1748.644,1555.537,1596.917,3942740000,52669453000.000
20100226,1596.796,1743.636,1588.831,1743.636,2545309300,30650586000.000
20100331,1743.652,1804.285,1676.683,1804.285,3696251800,47823096000.000
20100430,1803.813,1894.536,1708.640,1708.640,3941430700,53798015000.000
20100531,1678.852,1776.900,1387.977,1511.086,2707480200,31066688000.000
20100630,1494.870,1562.484,1326.461,1326.461,2198350700,25441033000.000
20100730,1321.476,1581.432,1284.453,1574.925,3315881300,32932297000.000
20100831,1573.874,1793.240,1564.025,1793.240,3958552300,44077961000.000
20100930,1794.098,1901.249,1763.523,1840.259,4088713800,55171064000.000
20101029,1859.330,1973.398,1815.384,1957.532,4826370300,73311996000.000
20101130,1960.538,2141.416,1881.039,1881.039,5908211800,86277017000.000
20101231,1873.016,1945.904,1738.688,1799.870,3273529700,48949136000.000
20110131,1811.404,1850.961,1612.284,1709.188,2476495100,34846735000.000
20110228,1709.893,1924.847,1699.903,1924.847,3426006200,43325624000.000
20110331,1923.280,2120.541,1923.111,2011.520,7052975500,106789501000.000
20110429,2003.903,2138.602,1906.735,1942.835,3882440800,52318992000.000
20110531,1949.318,2079.307,1832.209,1887.894,3799090000,53211901000.000
20110630,1881.531,1959.184,1767.362,1918.299,2686041900,43968873000.000
20110729,1921.647,2051.922,1901.807,1939.518,3286049900,42443188000.000
20110831,1933.521,1964.086,1685.548,1866.612,2825527200,30683975000.000
20110930,1867.563,1873.645,1573.611,1593.029,1598499300,16034433000.000
20111031,1596.947,1676.465,1468.657,1640.441,1335059890,13343175100.000
20111130,1627.406,1720.525,1524.334,1536.645,2228652300,23860927000.000
20111230,1583.826,1602.237,1260.644,1323.209,1616248200,15477073000.000
20120131,1331.222,1395.862,1229.811,1373.806,1519047400,14174084000.000
20120229,1368.065,1580.802,1354.234,1521.368,2601931500,25760915000.000
20120330,1517.648,1648.233,1412.055,1424.764,3323429900,38285618000.000
20120427,1424.615,1743.248,1414.817,1662.798,3984016400,36248653000.000
20120531,1689.087,1700.664,1583.832,1652.532,4522519400,46756794000.000
20120629,1654.334,1666.901,1437.300,1474.361,2240008900,22728356000.000
20120731,1479.521,1490.200,1269.532,1276.552,2329266900,19860137000.000
20120831,1280.700,1447.196,1234.693,1251.636,2690146000,20849674000.000
20120928,1246.450,1389.762,1220.373,1267.270,2045038500,16444437000.000
20121031,1262.728,1308.361,1210.095,1223.056,1517414500,10933422000.000
20121130,1229.171,1262.888,1079.652,1098.179,1625439900,11856002900.000
20121231,1087.197,1250.683,1051.931,1248.960,3050456500,26315792000.000
20130131,1257.965,1344.574,1231.365,1331.917,3878230700,36394717000.000
20130228,1324.369,1412.842,1323.804,1368.329,3168934100,30953150000.000
20130329,1368.329,1436.463,1275.994,1307.389,3678847300,32613089000.000
20130426,1306.517,1322.461,1245.924,1254.405,2022103200,18400618000.000
20130531,1249.048,1413.703,1246.265,1392.079,3826094600,40725014000.000
20130628,1389.758,1405.502,1069.177,1119.505,2110402800,20587141000.000
20130731,1113.323,1266.114,1103.552,1230.474,3453955900,29961623000.000
20130830,1229.475,1587.817,1228.039,1562.488,4650644200,40696263000.000
20130930,1580.062,1582.555,1493.481,1519.228,4762777300,49384564000.000
20131031,1515.457,1633.030,1401.918,1485.677,4211495800,45735469000.000
20131129,1474.829,1541.963,1435.244,1538.285,3974043400,40039896000.000
20131231,1501.291,1531.930,1407.840,1452.881,2935386700,30137580000.000
20140130,1446.612,1451.871,1322.377,1434.082,1684624500,16128840000.000
20140228,1425.220,1567.175,1419.520,1482.453,2312210000,24187723000.000
20140331,1480.674,1541.734,1432.818,1457.194,2265222600,23167783000.000
20140430,1454.927,1554.903,1391.230,1435.957,1965901700,18279069000.000
20140530,1430.935,1460.107,1404.217,1440.224,1168712690,11003302400.000
20140630,1443.303,1488.658,1388.883,1488.658,1583226600,14886271000.000
20140731,1484.085,1623.762,1451.549,1623.136,3344882700,34001872000.000
20140829,1619.438,1783.034,1597.706,1763.885,3536172100,36767957000.000
20140930,1760.467,2063.717,1757.659,2062.859,5115818600,52902681000.000
20141031,2067.744,2164.927,1991.128,2163.362,6202727000,66839066000.000
20141128,2171.560,2335.640,2066.972,2335.216,8857838400,109232911000.000
20141231,2330.422,2433.943,2180.294,2292.160,11320678500,168621690000.000
20150130,2290.899,2700.787,2246.083,2641.196,6412928000,91796046000.000
20150227,2623.548,2813.975,2529.564,2805.204,3675945400,52911074000.000
20150331,2818.592,3424.570,2818.592,3385.182,8489289300,142376460000.000
20150430,3372.124,4139.097,3369.223,4027.713,10192556900,194349250000.000
20150529,4018.742,5367.992,3723.452,4924.274,9512866500,198674310000.000
20150630,4971.278,6219.604,3779.808,4260.523,10374381300,252767660000.000
20150731,4143.745,4283.762,2217.272,3299.480,9977466100,162699720000.000
20150831,3221.282,4191.817,2459.341,2777.461,7997288300,130033280000.000
20150930,2725.306,2893.137,2369.209,2660.461,4840525400,60613599000.000
20151030,2753.264,3495.074,2730.258,3391.078,4861865400,71232944000.000
20151130,3272.842,4231.699,3236.626,3909.198,6291202800,90447746000.000
20151231,3881.833,4320.243,3700.358,4190.574,6491152900,120097716000.000
20160129,4173.213,4187.780,2663.052,2872.548,6038276800,86721358000.000
20160229,2867.234,3436.095,2762.817,2837.181,4058944000,60139129000.000
20160331,2835.633,3474.504,2756.321,3435.848,6285507800,109135123000.000
20160429,3416.808,3669.964,3310.666,3451.329,6253164400,90591386000.000
20160531,3453.580,3635.215,2976.239,3289.703,5190856300,73614893000.000
20160630,3301.419,3458.414,3107.426,3454.846,5390450300,83986297000.000
20160729,3468.804,3807.971,3432.891,3565.840,6271545400,110310616000.000
20160831,3546.552,3901.304,3461.810,3850.168,6815002000,123740106000.000
20160930,3842.930,3868.862,3625.191,3765.593,3589025300,64715391000.000
20161031,3783.584,4007.659,3779.121,3914.302,3527915800,72309696000.000
20161130,3908.196,4183.639,3908.196,4016.702,5394951700,103701285000.000
20161230,4032.174,4044.224,3664.506,3859.019,3866161900,70830181000.000
20170126,3868.667,4014.169,3457.814,3665.558,2774579000,46650252000.000
20170228,3661.329,3806.111,3616.496,3804.949,3108995600,48107896000.000
20170331,3799.242,3832.150,3609.385,3632.175,3550491400,59162000000.000
20170428,3652.079,3710.705,3153.365,3288.094,2678941800,38213512000.000
20170531,3280.203,3305.955,2786.766,2876.770,2442196900,34525790000.000
20170630,2867.505,3044.291,2732.157,2999.916,2816891500,38031778000.000
20170731,2997.821,3069.680,2736.518,2979.741,5309869500,68386154000.000
20170831,2975.434,3101.024,2889.415,3095.119,7205794800,90499878000.000
20170929,3092.146,3159.191,2967.410,2990.948,4769620500,64018936000.000
20171031,3016.352,3073.827,2907.678,2978.679,3429018900,43161547000.000
20171130,2984.192,3013.657,2748.759,2808.614,4958120000,58502359000.000
20171229,2806.010,2835.456,2623.975,2676.730,2867648100,34894138000.000
20180131,2673.481,2745.766,2556.973,2561.430,4038938500,44938980000.000
20180228,2541.203,2554.824,2152.936,2405.964,2291026700,20790012000.000
20180330,2393.796,2628.975,2386.115,2531.410,4674654400,50575110000.000
20180427,2533.396,2560.358,2350.504,2399.146,3553339300,38220525000.000
20180531,2389.752,2472.004,2249.986,2288.314,3221780100,28877860000.000
20180629,2281.783,2314.917,1822.464,1933.782,2158403400,17569470000.000
20180731,1928.714,1995.377,1830.689,1977.108,3086429700,23228509000.000
20180831,1994.240,1997.676,1854.840,1865.382,4771243000,32415195000.000
20180928,1860.561,1907.967,1816.420,1879.677,2485243700,18267138000.000
20181031,1860.263,1863.309,1480.928,1703.714,3149298000,21825757000.000
20181130,1706.147,2032.101,1701.301,1885.684,6392474400,46389211000.000
20181228,1955.013,1981.883,1765.913,1775.612,3737994000,25069254000.000
20190131,1783.090,1901.739,1714.212,1718.411,3581249300,22622408000.000
20190228,1731.234,2127.250,1731.234,2115.966,4593356000,33144234000.000
20190329,2114.912,2406.240,2095.537,2334.070,10079598500,85435543000.000
20190430,2343.565,2632.758,2296.107,2344.799,10686438600,91733869000.000
20190531,2267.156,2287.534,2098.560,2149.385,5510475800,40456590000.000
20190628,2146.998,2223.315,2005.477,2189.834,4254713900,30726190000.000
20190731,2223.518,2246.534,2076.407,2128.175,3608856400,23875666000.000
20190830,2118.650,2127.827,1920.049,2054.238,4725138600,21458064000.000
20190930,2052.658,2203.005,2026.950,2027.371,4690015000,23248755000.000
20191031,2034.427,2130.659,2034.427,2049.866,3236033400,18065606000.000
20191129,2041.698,2074.183,1923.830,1961.638,2257589000,12257955700.000
20191231,1967.719,2056.204,1943.755,2044.270,3204313200,17611004000.000
20200123,2055.045,2141.335,1984.859,2005.088,3427652600,19862854000.000
20200228,1826.312,1985.207,1692.381,1881.518,5504551300,26407967000.000
20200331,1887.891,2097.871,1835.926,1879.321,8777993700,39794911000.000
20200430,1863.110,1953.804,1816.008,1868.133,9632399400,42042309000.000
20200529,1856.468,1915.782,1825.639,1915.115,7361401400,32027680000.000
20200630,1911.476,2000.793,1911.182,1955.258,5039763400,26410410000.000
20200731,1950.770,2198.679,1936.965,2090.913,10821592200,57808263000.000
20200831,2100.336,2247.127,2098.958,2182.605,9937741200,49642182000.000
20200930,2188.982,2230.426,1997.913,2009.505,4896624900,28272493000.000
20201030,2031.602,2105.890,2021.347,2028.435,2481255000,14483331000.000
20201130,2025.820,2163.945,1994.250,2126.408,4321710300,26551942000.000
20201231,2124.601,2169.401,2051.280,2084.945,5601634100,31524428000.000
20210129,2082.934,2114.660,1904.677,1918.296,6163521500,29326152000.000
20210226,1910.383,2066.218,1849.801,2044.660,2860402500,15675154000.000
20210331,2052.637,2196.337,2044.915,2175.536,5354353700,33120013000.000
20210409,2176.207,2209.861,2168.243,2199.792,1077942700,7163308900.000
