20070831,1007.305,1044.121,952.076,1043.520,9502257200,85998937000.000
20070928,1053.747,1157.816,1005.457,1157.816,7552699300,80730994000.000
20071031,1183.498,1198.131,984.365,1052.904,5709131000,70377483000.000
20071130,1054.156,1054.156,938.092,938.397,4193988300,44985759000.000
20071228,931.610,1170.463,931.561,1154.935,4588629700,57467126000.000
20080131,1155.389,1267.092,1045.882,1045.882,6952541800,99253825000.000
20080229,1045.241,1132.846,1004.109,1067.078,3749044600,48198093000.000
20080331,1060.360,1119.594,819.851,819.851,3969288500,44202959000.000
20080430,810.334,815.886,680.697,815.886,4089996700,40193881000.000
20080530,826.554,892.600,756.714,786.917,4086577200,45338133000.000
20080630,781.399,809.134,540.785,559.918,5041725100,44050505000.000
20080731,562.460,677.815,553.324,621.234,4269377400,38064376000.000
20080829,618.378,634.628,436.198,452.073,2188046600,15509229000.000
20080926,448.460,457.459,390.804,433.265,2842628700,16181636000.000
20081031,425.446,425.446,307.555,315.631,2451373900,13125788900.000
20081128,313.576,403.260,311.399,375.926,3969625900,22546617000.000
20081231,374.957,496.260,374.957,447.625,5362320700,34123206000.000
20090123,456.890,504.621,456.890,496.388,3533315500,21429064000.000
20090227,498.672,611.733,498.672,504.120,8379214000,56846015000.000
20090331,496.241,596.698,496.241,596.698,6271122000,41749496000.000
20090430,599.773,680.757,599.773,637.148,9088208300,68648309000.000
20090527,640.512,680.854,635.380,660.084,6123628000,49751282000.000
20090630,662.424,708.167,660.968,682.841,7618983600,58104908000.000
20090731,682.685,784.881,682.685,773.844,10783479800,91633407000.000
20090831,778.827,800.654,647.020,669.846,7252450500,61233332000.000
20090930,664.824,849.541,661.161,716.081,7043090700,63318372000.000
20091030,728.205,838.326,727.488,809.568,4623051900,40993664000.000
20091130,785.671,926.055,780.089,871.083,7009398200,65392485000.000
20091231,869.085,915.328,832.670,911.599,8220566100,79307702000.000
20100129,914.986,1059.739,910.247,952.381,7537245800,84177385000.000
20100226,942.507,979.416,860.302,976.644,3252947900,36236915000.000
20100331,974.056,1028.863,918.703,1026.159,4561344800,57680830000.000
20100430,1026.915,1096.536,913.848,940.375,6335043500,79055737000.000
20100531,922.155,963.083,758.059,831.621,3830488300,41233728000.000
20100630,822.589,929.204,760.233,773.781,3412338500,37218949000.000
20100730,774.738,868.625,731.235,866.325,4155583200,41963101000.000
20100831,866.167,918.277,853.864,908.238,4919039400,53640251000.000
20100930,908.600,950.705,855.596,873.956,4645657100,54847323000.000
20101029,878.517,947.684,817.673,942.497,6565104600,60370348000.000
20101130,948.906,1030.417,929.537,987.945,7738090100,87763034000.000
20101231,984.936,1055.214,906.727,941.366,6210173900,62216791000.000
20110131,947.957,953.635,820.524,866.033,4218722400,35892584000.000
20110228,864.665,943.738,854.877,943.738,3805111800,35462120000.000
20110331,946.061,965.544,903.319,907.839,5361144500,55343239000.000
20110429,909.596,943.963,845.560,860.330,4170363700,39844544000.000
20110531,861.495,883.612,761.161,777.966,2776139400,27595548000.000
20110630,777.443,785.866,722.251,773.045,2623919700,22044434000.000
20110729,775.221,856.924,772.056,807.894,3434362000,35203569000.000
20110831,809.113,839.373,718.188,812.245,3829442400,36392457000.000
20110930,814.025,825.419,690.523,703.633,2840514400,22503048000.000
20111031,706.586,809.415,694.378,806.080,2944437900,29699518000.000
20111130,796.778,883.831,785.756,799.195,5020710900,57726759000.000
20111230,823.868,833.516,687.990,719.914,3047164800,35822057000.000
20120131,725.669,741.472,646.321,677.809,2988949500,27611517000.000
20120229,674.069,855.837,671.167,812.067,6149985600,70598084000.000
20120330,807.615,885.483,725.078,730.892,7671349300,88258505000.000
20120427,731.298,803.716,724.266,750.669,3705626800,39815330000.000
20120531,759.981,792.523,697.261,742.664,3719834500,38654168000.000
20120629,741.448,744.310,671.389,694.468,2794759700,28404429000.000
20120731,699.993,713.582,653.706,659.873,3979927300,35309834000.000
20120831,655.613,737.213,655.613,691.335,4105948300,38708129000.000
20120928,687.186,749.911,653.416,679.798,3628219500,30174297000.000
20121031,680.100,710.829,655.440,660.770,2992037900,24813956000.000
20121130,660.990,674.656,539.311,551.296,2810411300,20557600000.000
20121231,547.161,647.866,527.801,641.372,4421633300,30951809000.000
20130131,644.632,712.317,629.777,699.601,5580771400,48004001000.000
20130228,696.907,743.376,686.079,743.208,4263912100,37225682000.000
20130329,742.464,778.491,706.667,734.753,5807335100,57033280000.000
20130426,734.116,825.978,698.894,785.276,4901156200,49088976000.000
20130531,780.466,981.623,777.121,943.469,9849210000,123872055000.000
20130628,947.469,992.853,810.985,936.221,8327056300,111617225000.000
20130731,934.387,1287.475,930.747,1129.259,12571208100,202894560000.000
20130830,1132.162,1494.337,1128.828,1342.404,10334967200,172564090000.000
20130930,1323.482,1714.301,1321.436,1711.434,9567622800,170366600000.000
20131031,1728.614,1811.127,1421.719,1451.870,9421854800,167780910000.000
20131129,1444.042,1610.750,1373.179,1604.040,7289054500,127772062000.000
20131231,1537.040,1547.034,1356.400,1466.568,5869505900,101710534000.000
20140130,1465.380,1920.949,1447.831,1882.545,6758463500,148577470000.000
20140228,1868.879,2005.993,1750.719,1804.860,6040139400,118636099000.000
20140331,1796.500,1871.203,1633.925,1655.442,5429002800,80444932000.000
20140430,1651.882,1788.554,1590.509,1647.626,5284746400,75471604000.000
20140530,1639.964,1708.210,1575.627,1671.116,5192402800,67772331000.000
20140630,1668.761,1770.036,1648.712,1766.095,5130697200,77536018000.000
20140731,1765.123,1822.610,1623.034,1733.786,6503385800,90659903000.000
20140829,1724.250,1968.051,1693.078,1884.634,7716392700,116763440000.000
20140930,1885.082,2147.994,1884.275,2145.773,8788379300,133955924000.000
20141031,2146.079,2166.564,1987.829,2091.332,6371596600,87850979000.000
20141128,2094.964,2316.528,2027.543,2295.633,10820292000,133014616000.000
20141231,2294.908,2450.253,2098.317,2125.102,19362427000,237252080000.000
20150130,2128.846,2712.238,2080.272,2634.738,12418799900,183824580000.000
20150227,2600.902,3435.150,2592.582,3358.407,12268697800,211474310000.000
20150331,3323.703,4362.123,3178.343,4153.967,16887875000,352656830000.000
20150430,4149.813,5559.511,4149.813,5416.491,28715194000,531548860000.000
20150529,5454.406,7861.318,5228.578,7700.122,26806704000,706871390000.000
20150630,7811.571,8832.165,4934.546,5731.063,24273034000,620686520000.000
20150731,5609.699,5915.468,3550.448,4615.449,24575797000,486572080000.000
20150831,4457.369,5277.828,3176.620,3588.149,19130987000,363563550000.000
20150930,3491.268,3998.922,3142.256,3754.931,12380487200,245643820000.000
20151030,3892.969,4926.159,3842.188,4715.815,12979333500,311847190000.000
20151130,4566.929,5562.601,4523.028,5038.154,17101202000,444420470000.000
20151231,5009.986,5406.355,4755.887,5048.681,12003164800,314722770000.000
20160129,5039.786,5054.211,3150.350,3338.935,9099869900,170822680000.000
20160229,3333.927,3906.409,3104.871,3148.223,6711261200,118987216000.000
20160331,3150.083,3942.610,3050.485,3882.284,11403722200,201892770000.000
20160429,3839.579,4033.908,3549.895,3670.977,7884700900,181464180000.000
20160531,3673.647,3976.269,3357.662,3747.542,5692386600,124112002000.000
20160630,3748.588,3886.020,3436.477,3792.601,8064272900,205599240000.000
20160729,3806.313,4198.113,3747.497,3848.202,11582288300,268141660000.000
20160831,3825.261,4168.174,3721.069,4074.441,9287566800,225965370000.000
20160930,4065.688,4099.629,3823.265,3862.512,7093209800,138004670000.000
20161031,3900.034,4091.393,3890.929,4000.969,9669090900,135965430000.000
20161130,4002.625,4296.467,3990.333,4201.096,15190914000,285026530000.000
20161230,4213.022,4240.087,3730.965,3750.540,15085837000,196212020000.000
20170126,3751.651,3825.306,3286.958,3531.980,8875986600,135177120000.000
20170228,3527.388,3708.976,3491.533,3689.436,7797895900,123731287000.000
20170331,3690.983,3742.673,3471.094,3498.042,12058314200,180634830000.000
20170428,3498.886,3581.709,3155.315,3261.710,3367651800,69925810000.000
20170531,3255.769,3266.265,2904.770,2996.892,3593818600,60584192000.000
20170630,2978.718,3196.919,2867.273,3088.862,4299807400,72274726000.000
20170731,3089.084,3136.868,2689.860,2841.922,4112306500,62756948000.000
20170831,2836.158,3004.818,2800.658,2987.491,10011758000,121505870000.000
20170929,2990.003,3092.561,2959.526,3012.354,12195299800,139207290000.000
20171031,3057.065,3145.001,2879.270,2929.047,10336373600,120033006000.000
20171130,2932.233,2981.695,2654.689,2671.550,16276862000,174588050000.000
20171229,2666.414,2717.989,2540.848,2584.498,8140873900,91870363000.000
20180131,2587.363,2761.106,2531.625,2540.310,14462268000,153862030000.000
20180228,2534.095,2547.873,2238.818,2463.110,12285181400,114434274000.000
20180330,2438.506,2691.528,2328.809,2589.465,18236990000,215867580000.000
20180427,2598.511,2614.498,2380.230,2413.966,13564705000,134989090000.000
20180531,2415.151,2455.864,2192.101,2229.967,9645729500,84875304000.000
20180629,2227.739,2252.239,1836.304,1966.366,6708974800,49853448000.000
20180731,1966.430,1991.779,1836.765,1900.080,7402103300,58059172000.000
20180831,1894.389,1907.995,1718.592,1770.492,10628506200,65446180000.000
20180928,1769.046,1836.920,1728.237,1783.964,9591514200,59730631000.000
20181031,1752.916,1753.360,1431.132,1585.738,8035399500,43753261000.000
20181130,1592.321,1870.714,1592.321,1760.109,15204292000,98042671000.000
20181228,1790.388,1843.043,1609.724,1640.171,9891866400,61721136000.000
20190131,1653.611,1765.173,1568.624,1578.928,10745383600,66827621000.000
20190228,1586.970,2109.383,1586.970,2041.395,14326359000,103806099000.000
20190329,2044.783,2542.797,2017.557,2336.165,31420181000,300154730000.000
20190430,2357.088,2508.373,2178.938,2209.698,21682586000,231705210000.000
20190531,2123.239,2225.209,1992.050,2106.169,12770908900,130357468000.000
20190628,2098.689,2249.780,1995.880,2145.400,12712638900,117698449000.000
20190731,2191.640,2227.532,1941.877,2022.814,8110117000,78480706000.000
20190830,2016.692,2087.069,1826.609,2012.116,11300914200,112244052000.000
20190930,2008.951,2300.220,2006.592,2088.532,14885647000,173029060000.000
20191031,2088.420,2256.830,2045.050,2108.480,9141952700,108492166000.000
20191129,2095.737,2164.370,2006.681,2026.076,8433205300,101449341000.000
20191231,2027.463,2283.482,1996.198,2206.044,11304579100,134121822000.000
20200123,2226.811,2454.704,2224.557,2315.086,12362593700,153075250000.000
20200228,2101.685,2763.029,2013.465,2464.558,23202853000,270740320000.000
20200331,2489.337,2709.200,2143.546,2145.692,17520543000,178453040000.000
20200430,2142.086,2386.128,2091.779,2191.057,15367432000,154918960000.000
20200529,2163.442,2281.857,2113.073,2239.714,10073605800,103316129000.000
20200630,2254.743,2475.871,2245.760,2423.986,14334215000,159935500000.000
20200731,2436.227,2819.918,2370.435,2475.638,21614163000,251298490000.000
20200831,2498.642,2582.223,2409.108,2509.383,14515033000,157414570000.000
20200930,2508.845,2568.965,2252.497,2264.260,10080309100,112968549000.000
20201030,2294.418,2404.735,2185.971,2189.309,5205733800,67470561000.000
20201130,2193.110,2279.661,2149.313,2188.318,6959578100,87839593000.000
20201231,2183.055,2220.082,1913.600,1987.297,7065082400,79216109000.000
20210129,1983.011,1987.517,1817.875,1860.526,10120145600,93480363000.000
20210226,1849.050,1937.707,1717.903,1859.457,6105896100,62689205000.000
20210331,1867.582,1932.017,1789.475,1802.041,8483927400,80793850000.000
20210409,1800.437,1831.370,1791.444,1805.920,1426786800,15293396000.000
