20070831,1001.694,1079.182,934.712,1073.441,4220967100,58765878000.000
20070928,1083.949,1115.185,1035.806,1076.836,3207644900,43442297000.000
20071031,1096.643,1096.643,870.376,936.217,1731888700,25881442000.000
20071130,942.009,966.427,889.694,942.888,1589739600,19433521000.000
20071228,939.546,1170.175,939.546,1166.297,2087540400,31801538000.000
20080131,1168.206,1295.782,1129.872,1132.392,3147030100,54006597000.000
20080229,1128.063,1273.266,1069.891,1219.250,1341727460,21266706000.000
20080331,1214.406,1270.503,974.201,1005.878,1937359700,24571299000.000
20080430,997.911,997.911,744.927,917.897,1669945400,19026591000.000
20080530,925.135,1044.607,894.190,952.064,3198488100,38900171000.000
20080630,942.967,1003.591,650.807,665.063,1799330300,19779441000.000
20080731,666.432,786.903,647.203,753.215,2157108900,19632803000.000
20080829,749.864,763.835,526.589,542.479,1321523070,11559933400.000
20080926,537.352,545.000,456.552,500.254,1254300120,8403309300.000
20081031,490.152,490.152,356.433,363.347,1200620890,7429162800.000
20081128,360.377,479.960,351.918,434.602,3000989100,17898905000.000
20081231,432.654,590.301,432.654,543.856,4627433400,29114045000.000
20090123,564.557,597.851,552.609,597.851,2566988000,19152901000.000
20090227,603.616,763.039,603.616,638.844,4917516500,39423875000.000
20090331,627.830,783.854,627.830,783.854,3744798100,32144069000.000
20090430,788.159,973.686,788.159,960.902,5486092600,47105058000.000
20090527,966.961,1013.309,922.089,957.409,3466084600,33699017000.000
20090630,963.192,1020.035,963.192,1007.149,3606109800,36939689000.000
20090731,1005.109,1151.515,1004.073,1145.653,5251922800,57511127000.000
20090831,1151.105,1167.296,929.437,974.263,3725204200,43866421000.000
20090930,958.844,1210.478,958.844,1051.236,4700281500,52606881000.000
20091030,1065.489,1189.561,1065.489,1164.118,2754326900,34394928000.000
20091130,1135.279,1364.769,1135.279,1295.681,5457426300,69982500000.000
20091231,1297.339,1436.570,1297.339,1429.805,5442157600,82360233000.000
20100129,1437.304,1618.928,1380.357,1411.228,5069186500,88006977000.000
20100226,1394.030,1495.337,1351.564,1495.337,2172969900,37274570000.000
20100331,1494.187,1594.286,1443.998,1594.286,4180210400,73435070000.000
20100430,1592.392,1734.152,1441.326,1441.326,4959705200,91303053000.000
20100531,1415.586,1491.730,1210.060,1316.965,2788568600,44649790000.000
20100630,1302.379,1405.669,1206.623,1206.623,2979436000,48330013000.000
20100730,1202.155,1335.822,1156.555,1331.736,3209853500,47283511000.000
20100831,1329.896,1447.334,1329.896,1447.334,5011050900,76463915000.000
20100930,1448.647,1504.524,1380.428,1403.976,4425268300,75853334000.000
20101029,1415.119,1509.967,1357.700,1509.967,4702472600,80962493000.000
20101130,1518.067,1694.259,1508.329,1609.166,7463100000,140831120000.000
20101231,1598.649,1711.233,1501.545,1599.780,4150849500,82847150000.000
20110131,1607.889,1627.996,1362.816,1455.062,3008043100,50103728000.000
20110228,1455.810,1636.423,1443.916,1636.286,3439973900,62238789000.000
20110331,1637.115,1651.551,1557.042,1561.260,4541076200,80978673000.000
20110429,1560.645,1597.358,1408.188,1437.706,3345263800,51042414000.000
20110531,1439.377,1490.175,1299.765,1328.174,3350627900,43099904000.000
20110630,1327.044,1354.361,1242.361,1337.528,2405236500,32376452000.000
20110729,1343.164,1470.617,1335.834,1401.095,3837989600,54479190000.000
20110831,1398.324,1416.258,1229.473,1355.210,3790029500,55791251000.000
20110930,1356.023,1371.812,1178.977,1188.788,2633505400,33314235000.000
20111031,1193.528,1246.238,1092.337,1216.216,2186345900,26717433000.000
20111130,1205.480,1346.132,1168.049,1183.537,4900440000,57995482000.000
20111230,1218.818,1228.798,971.839,1018.748,2997870000,30578151000.000
20120131,1027.976,1039.552,903.345,964.079,2470729800,25173619000.000
20120229,959.603,1177.264,954.662,1122.446,5275728900,56154087000.000
20120330,1120.763,1249.718,1030.744,1038.547,5510462600,67221247000.000
20120427,1036.563,1144.575,1030.194,1073.191,3948410700,40504959000.000
20120531,1082.411,1125.114,1011.467,1076.705,3553826300,37936182000.000
20120629,1074.835,1080.937,962.650,986.920,2736632400,29354783000.000
20120731,990.533,1013.593,859.622,861.234,4255692500,37753793000.000
20120831,856.181,942.814,856.181,898.585,3160164200,27644310000.000
20120928,895.260,1004.880,880.152,915.829,4313690300,38526866000.000
20121031,912.343,958.910,869.095,875.902,3166341500,26130036000.000
20121130,876.077,897.299,729.022,738.887,2289663700,18034551000.000
20121231,729.281,868.572,702.418,865.128,3753595600,31305426000.000
20130131,869.626,953.689,849.474,906.528,5645616100,51944925000.000
20130228,904.533,969.506,894.144,969.506,3803682800,36189940000.000
20130329,954.963,1020.764,932.552,954.622,6451936100,63743479000.000
20130426,949.187,1002.735,900.202,948.964,3996509200,39710984000.000
20130531,942.239,1134.508,940.840,1108.984,8200855500,88370447000.000
20130628,1105.890,1112.944,888.924,992.093,5012691400,55434325000.000
20130731,985.677,1189.925,966.451,1102.379,10974960600,134971090000.000
20130830,1098.743,1317.654,1096.833,1226.250,11044183700,138754060000.000
20130930,1220.453,1326.604,1212.747,1326.463,7938088800,96350428000.000
20131031,1324.571,1418.195,1183.245,1219.407,8601167400,108887355000.000
20131129,1214.269,1405.841,1186.460,1403.995,8281311000,95977850000.000
20131231,1341.404,1353.788,1207.229,1279.912,6883126900,90305401000.000
20140130,1281.040,1417.516,1244.111,1404.122,8209515100,113941924000.000
20140228,1397.994,1574.341,1391.140,1442.391,9374886000,134886330000.000
20140331,1438.771,1499.912,1329.862,1341.643,7815021100,110275844000.000
20140430,1341.100,1472.544,1291.295,1331.090,7200668500,101823499000.000
20140530,1328.243,1424.472,1290.969,1412.364,6150300200,84350167000.000
20140630,1412.096,1543.779,1372.358,1543.123,7258755600,100243413000.000
20140731,1544.823,1601.605,1471.064,1564.108,9838380900,133141140000.000
20140829,1556.037,1688.399,1533.681,1645.616,9967247800,130175008000.000
20140930,1648.168,1930.680,1648.168,1930.680,12821921700,187914500000.000
20141031,1935.024,1967.064,1806.542,1912.593,9221256400,136456330000.000
20141128,1918.982,2023.454,1823.696,2010.966,9734561900,148790810000.000
20141231,2008.955,2078.167,1745.920,1763.885,13831462000,218315170000.000
20150130,1765.188,2043.921,1720.784,1983.788,10308861100,169473090000.000
20150227,1967.132,2278.287,1959.858,2278.287,9151720400,153411790000.000
20150331,2294.839,2965.881,2276.620,2919.726,18657374000,377669970000.000
20150430,2914.598,3472.885,2914.171,3408.425,17365439000,435297670000.000
20150529,3420.922,5753.406,3301.206,5443.030,19701639000,585384560000.000
20150630,5514.011,6487.526,3811.927,4405.512,21575196000,670793120000.000
20150731,4351.297,4728.858,2516.317,3856.358,25721081000,553506970000.000
20150831,3768.604,4596.000,2848.651,3154.782,20349720000,406876540000.000
20150930,3091.112,3213.782,2617.043,3044.648,15884633000,244738380000.000
20151030,3162.501,4118.182,3133.133,3991.744,21892079000,387915250000.000
20151130,3831.920,5032.083,3800.351,4720.094,26255137000,548561270000.000
20151231,4713.013,5234.671,4379.346,5047.099,21583365000,482161820000.000
20160129,5034.842,5050.704,3066.713,3261.829,15284764000,275044550000.000
20160229,3243.038,3871.856,3045.371,3071.462,11305090700,183873520000.000
20160331,3071.985,4054.057,2969.124,4000.903,17008554000,274577640000.000
20160429,3971.376,4312.186,3835.641,3941.615,16666475000,313690340000.000
20160531,3944.689,4178.816,3467.546,3935.127,12912923800,231471490000.000
20160630,3934.285,4333.196,3727.817,4303.495,17274457000,318875250000.000
20160729,4310.295,4651.185,4229.372,4275.628,21105480000,375356860000.000
20160831,4252.825,4686.249,4136.243,4624.615,17991376000,315675140000.000
20160930,4622.259,4758.586,4438.902,4557.491,14245809000,265522240000.000
20161031,4593.865,4784.651,4593.865,4679.266,12030272500,218669190000.000
20161130,4676.887,4851.753,4609.433,4720.853,16464930000,311682490000.000
20161230,4726.062,4768.248,4176.765,4281.475,10557556700,197118330000.000
20170126,4297.127,4393.211,3827.681,4078.350,7988281200,140310160000.000
20170228,4079.940,4309.507,4045.000,4281.278,9322683800,163645960000.000
20170331,4275.956,4470.847,4092.124,4123.105,15957964000,336017730000.000
20170428,4137.382,4250.513,3552.565,3712.272,10088884000,194018750000.000
20170531,3718.572,3732.196,3255.755,3369.755,9539995100,159757270000.000
20170630,3353.144,3557.248,3184.270,3494.616,11504134500,182737320000.000
20170731,3489.351,3615.915,3127.364,3305.898,11332854500,180627030000.000
20170831,3306.872,3595.761,3225.722,3595.536,15240574000,236420490000.000
20170929,3592.479,4124.676,3571.612,4079.535,21079060000,361509760000.000
20171031,4146.323,4206.581,3635.320,3689.094,16058063000,300822530000.000
20171130,3675.322,3870.012,3403.260,3437.919,20269693000,432702390000.000
20171229,3427.311,3509.866,3254.511,3388.236,15579885000,312509720000.000
20180131,3394.850,3460.490,3025.149,3032.886,17198847000,329257300000.000
20180228,3010.873,3029.065,2532.313,2942.240,10848885000,165692730000.000
20180330,2925.974,3274.803,2804.429,3263.962,21373788000,362707730000.000
20180427,3288.477,3348.352,3017.998,3155.167,18156050000,326538330000.000
20180531,3153.011,3350.045,2930.327,2979.324,17511684000,308988060000.000
20180629,2963.677,3063.683,2422.172,2635.271,16637443000,263284140000.000
20180731,2641.128,2713.921,2483.932,2550.679,25897423000,342529970000.000
20180831,2551.892,2607.129,2274.235,2464.789,23375114000,324803070000.000
20180928,2452.095,2514.428,2335.860,2362.850,16902538000,231758400000.000
20181031,2310.744,2312.740,1905.482,2103.676,14484198000,167501990000.000
20181130,2127.543,2430.031,2125.109,2324.876,28530835000,320830700000.000
20181228,2396.139,2537.553,2311.413,2457.633,27241927000,299259370000.000
20190131,2460.505,2725.031,2319.548,2340.126,35772383000,419981160000.000
20190228,2356.034,3125.471,2356.034,3018.770,34233053000,464975500000.000
20190329,3028.157,3532.394,2983.889,3318.398,54477005000,826723400000.000
20190430,3344.657,3658.856,3087.498,3129.046,49481486000,750127450000.000
20190531,2995.844,3086.055,2766.375,2944.798,31694411000,429038730000.000
20190628,2953.174,3162.305,2880.789,3067.736,31310027000,440968990000.000
20190731,3154.888,3197.257,2775.785,2973.606,23139056000,331519220000.000
20190830,2950.901,3044.351,2718.368,2906.544,28095631000,420405650000.000
20190930,2900.452,3370.507,2899.862,3035.822,37940346000,588402060000.000
20191031,3043.889,3135.728,2914.732,2917.669,19695681000,271575160000.000
20191129,2910.641,2991.308,2780.391,2811.930,20519603000,266788890000.000
20191231,2814.725,3117.619,2795.444,3043.670,26666995000,358878330000.000
20200123,3069.685,3264.720,3044.680,3077.341,24117057000,356352300000.000
20200228,2768.695,3656.672,2570.980,3229.292,49099166000,747118020000.000
20200331,3274.023,3868.514,3079.447,3079.447,69898945000,1114006700000.000
20200430,3065.355,3345.991,2896.420,3079.649,35276112000,515531420000.000
20200529,3053.224,3266.139,2966.210,3021.732,24850949000,387424340000.000
20200630,3037.620,3264.003,3037.620,3232.021,27381955000,420525740000.000
20200731,3239.614,3760.765,3187.824,3426.110,45776339000,771010070000.000
20200831,3454.550,3565.180,3316.957,3422.622,29206651000,457844890000.000
20200930,3418.005,3515.156,3085.702,3128.031,26296961000,354117140000.000
20201030,3173.133,3363.382,3114.448,3114.448,16631004000,249425560000.000
20201130,3114.309,3401.946,3060.457,3198.792,24953734000,373162820000.000
20201231,3190.206,3254.696,2710.820,2848.920,20884603000,277159540000.000
20210129,2844.917,2903.426,2493.172,2519.407,20677508000,320549660000.000
20210226,2506.932,2658.597,2352.992,2638.344,12056561300,158751050000.000
20210331,2643.117,2715.657,2483.486,2522.331,17937312000,219029800000.000
20210409,2528.166,2628.395,2510.272,2590.212,4272584800,44414398000.000
