20070831,1006.276,1151.293,950.670,1151.293,3964266300,68504928000.000
20070928,1160.816,1182.544,1088.600,1146.630,2854635900,47093951000.000
20071031,1164.041,1164.041,973.654,1037.268,1924922200,33322392000.000
20071130,1035.460,1035.460,924.924,944.938,1294582150,20511848000.000
20071228,947.193,1143.897,947.193,1127.605,1910569100,29825074000.000
20080131,1129.230,1179.426,985.881,985.881,2219795600,37069682000.000
20080229,985.614,1090.936,940.449,1087.517,1224720550,18461795000.000
20080331,1086.510,1130.032,871.785,871.785,2048101000,28056636000.000
20080430,867.005,867.005,680.431,827.664,1926656400,21815031000.000
20080530,838.231,893.328,783.758,791.698,2150505600,26168100000.000
20080630,794.275,801.912,600.534,610.317,1067407790,10331646200.000
20080731,611.483,746.770,598.420,702.798,2377342100,20358951000.000
20080829,699.119,712.750,555.059,582.741,1057694300,7443866000.000
20080926,577.787,578.394,507.006,525.016,1087331040,7096707800.000
20081030,516.796,516.796,438.070,466.100,1236178560,6750043400.000
20081128,462.822,619.949,454.447,541.510,3123975100,16872947000.000
20081231,538.289,657.565,538.289,584.913,4667992800,30266557000.000
20090123,594.012,709.180,594.012,701.446,2895363400,20746541000.000
20090227,708.421,896.864,708.421,744.992,6479896400,51576669000.000
20090331,731.276,912.180,731.276,912.180,5040022500,40731686000.000
20090430,913.784,1023.164,909.470,977.773,6227940700,57749386000.000
20090527,981.459,1068.314,978.189,1068.242,4996379400,47720551000.000
20090630,1076.390,1098.142,1058.804,1080.546,5046118400,49382018000.000
20090731,1078.735,1289.939,1078.735,1245.048,7637695600,83794139000.000
20090831,1250.212,1315.303,1023.760,1028.774,5127912300,57837478000.000
20090930,1017.854,1241.140,1015.954,1099.180,5369766600,61932141000.000
20091030,1117.407,1294.110,1117.407,1256.866,4701481100,56894100000.000
20091130,1230.086,1508.809,1230.086,1422.972,7647162900,99771731000.000
20091231,1423.901,1513.216,1370.881,1505.533,6078808500,78560106000.000
20100129,1513.257,1617.746,1417.896,1438.202,5065508700,69909429000.000
20100226,1429.213,1514.722,1378.657,1511.573,2568741900,34838501000.000
20100331,1514.585,1619.020,1474.938,1619.020,5733159300,85085128000.000
20100430,1616.288,1721.719,1517.230,1517.230,6339000100,99778522000.000
20100531,1489.218,1576.066,1259.743,1375.140,4174843800,55274973000.000
20100630,1362.272,1436.998,1231.507,1231.507,3537789500,46099726000.000
20100730,1227.904,1419.787,1197.914,1415.538,5102931000,67531834000.000
20100831,1415.935,1639.031,1415.935,1639.031,6590053400,95422333000.000
20100930,1639.466,1732.394,1604.268,1639.382,6086463700,89865514000.000
20101029,1653.106,1855.225,1653.106,1855.225,6750859100,109118199000.000
20101130,1866.951,1994.362,1792.648,1909.787,8971621000,153889490000.000
20101231,1903.382,2028.930,1802.525,1906.420,6768504100,117924122000.000
20110131,1916.333,1983.672,1711.432,1873.938,6153285800,111395254000.000
20110228,1870.109,2083.411,1846.064,2046.955,6736122000,129897091000.000
20110331,2045.857,2074.756,1933.438,1936.721,8661189800,155443370000.000
20110429,1936.557,2173.022,1775.013,1810.029,6088695600,95756738000.000
20110531,1804.674,1848.664,1597.859,1666.931,5931279800,87318696000.000
20110630,1664.595,1744.890,1590.797,1734.509,5633833200,81161289000.000
20110729,1738.646,1868.155,1709.069,1747.767,7659185000,114819384000.000
20110831,1744.801,1793.137,1538.481,1684.509,6053817100,90947587000.000
20110930,1686.500,1701.117,1427.370,1445.576,3806990200,52615708000.000
20111031,1451.815,1548.287,1355.749,1511.640,3569568300,48938677000.000
20111130,1496.731,1624.640,1437.757,1452.940,6433932400,92729657000.000
20111230,1495.153,1507.231,1131.924,1185.677,3636519300,43318529000.000
20120131,1195.608,1215.591,1066.043,1158.667,3067371700,30886763000.000
20120229,1154.869,1378.533,1149.864,1321.006,6681499200,71821976000.000
20120330,1316.005,1452.332,1204.004,1216.005,7807340600,90779707000.000
20120427,1219.130,1338.529,1216.251,1290.290,5716713900,62100090000.000
20120531,1301.854,1354.273,1267.056,1343.093,8556693200,88402587000.000
20120629,1340.657,1350.310,1178.294,1209.477,4103722600,43463676000.000
20120731,1215.540,1236.766,1031.702,1036.526,4572049900,45432328000.000
20120831,1029.853,1119.839,1029.853,1057.812,5034406000,45566355000.000
20120928,1055.850,1165.387,1021.080,1064.222,6215867000,58059811000.000
20121031,1070.510,1125.618,1046.212,1058.202,5669058200,53272128000.000
20121130,1058.256,1079.040,923.982,937.928,4567133500,42290421000.000
20121231,931.596,1094.438,895.565,1083.037,7588492700,66969632000.000
20130131,1088.509,1178.950,1070.642,1134.317,9645569000,101628698000.000
20130228,1119.570,1182.228,1119.570,1175.338,6175546900,67496615000.000
20130329,1176.807,1198.792,1099.924,1105.017,8334353500,86061681000.000
20130426,1100.523,1112.496,1033.213,1035.926,5077182600,51390614000.000
20130531,1033.621,1212.708,1032.027,1200.363,10028470400,104850892000.000
20130628,1198.125,1205.428,935.086,1003.458,6222835000,64088875000.000
20130731,1001.033,1107.516,973.755,1073.350,7546975200,78780422000.000
20130830,1072.497,1197.531,1071.631,1160.446,8183620000,81006099000.000
20130930,1158.760,1209.464,1157.596,1194.885,6633297300,64551537000.000
20131031,1193.414,1269.068,1112.727,1162.006,7718932800,79131219000.000
20131129,1156.625,1298.287,1142.945,1296.517,7886671300,86335501000.000
20131231,1257.607,1292.104,1190.198,1276.820,9360289200,97672471000.000
20140130,1274.253,1337.750,1206.352,1328.945,7885307100,95385371000.000
20140228,1319.991,1485.897,1315.277,1388.663,8633121300,107155417000.000
20140331,1386.080,1423.636,1300.119,1309.266,7976707000,93599098000.000
20140430,1311.010,1392.571,1246.631,1281.489,5835867300,63855711000.000
20140530,1280.001,1328.687,1257.354,1315.951,6775438400,64769867000.000
20140630,1315.630,1439.356,1289.487,1439.322,9259414100,98832035000.000
20140731,1439.959,1514.856,1409.677,1507.183,13660378000,146534000000.000
20140829,1504.638,1645.357,1482.483,1601.344,14899193000,168406790000.000
20140930,1602.923,1867.355,1602.923,1865.635,16668861000,207064040000.000
20141031,1867.954,1923.737,1780.023,1906.065,13267609800,168786160000.000
20141128,1907.361,2118.721,1858.792,2110.376,16157792000,231511840000.000
20141231,2111.999,2154.637,1832.860,1866.076,20959461000,308008350000.000
20150130,1866.595,2051.154,1828.509,1992.738,16006096000,236212690000.000
20150227,1970.078,2168.492,1934.879,2168.492,9298766100,134349920000.000
20150331,2188.225,2762.422,2183.671,2736.262,26847298000,447661840000.000
20150430,2747.437,3457.835,2746.022,3411.690,33123046000,646727420000.000
20150529,3425.336,5231.435,3288.953,4793.835,35009242000,804634370000.000
20150630,4818.742,5763.797,3752.985,4349.486,36766844000,914928850000.000
20150731,4300.508,4501.627,2518.140,3743.311,36131643000,649127170000.000
20150831,3675.322,4431.870,2790.306,3104.653,31999464000,562798160000.000
20150930,3054.722,3142.210,2604.167,2912.402,21754860000,299726110000.000
20151030,3024.909,3748.367,2994.012,3653.809,31201251000,501286440000.000
20151130,3552.694,4509.503,3528.766,4188.654,37112093000,674748910000.000
20151231,4183.896,4636.469,3957.344,4525.512,28474336000,530676950000.000
20160129,4522.550,4531.272,2864.146,3031.357,20986701000,325389040000.000
20160229,3028.578,3549.880,2878.257,2916.375,15103666000,225752490000.000
20160331,2916.917,3697.614,2856.871,3657.841,26616957000,382491540000.000
20160429,3644.890,3978.063,3575.344,3757.924,23981045000,386314390000.000
20160531,3755.646,3953.723,3355.625,3793.099,18322498000,288957170000.000
20160630,3800.640,4248.230,3722.262,4219.690,24585620000,421469540000.000
20160729,4227.143,4446.547,4062.696,4100.778,25481488000,410126690000.000
20160831,4074.682,4339.588,3973.798,4320.127,21000226000,318413140000.000
20160930,4320.323,4418.773,4231.270,4339.115,16685867000,234424900000.000
20161031,4358.962,4647.375,4351.428,4577.165,17881186000,262704580000.000
20161130,4578.259,4961.202,4578.259,4766.986,26525675000,436307190000.000
20161230,4768.031,4814.089,4365.984,4555.398,21251979000,301622250000.000
20170126,4562.870,4680.723,4048.775,4320.200,14643807000,202101140000.000
20170228,4322.905,4535.518,4300.390,4528.822,16710067000,235821860000.000
20170331,4529.268,4799.233,4505.110,4540.155,27477762000,453619930000.000
20170428,4538.843,4685.396,4016.368,4197.057,19919485000,291855570000.000
20170531,4192.318,4236.736,3671.293,3799.109,20526224000,301313740000.000
20170630,3778.945,3949.186,3588.053,3892.474,20322228000,268306420000.000
20170731,3891.305,4008.333,3545.594,3746.827,18612856000,231245310000.000
20170831,3743.366,3956.200,3689.869,3956.096,21230562000,268105750000.000
20170929,3960.486,4071.645,3912.661,3968.714,19735642000,255272480000.000
20171031,4006.568,4071.312,3832.558,3891.990,14515457000,187343730000.000
20171130,3892.993,3927.521,3515.741,3544.456,17442502000,236574330000.000
20171229,3545.005,3573.404,3326.586,3429.698,11967425700,153020200000.000
20180131,3440.135,3500.667,3261.025,3266.656,14279718000,186097580000.000
20180228,3251.255,3263.003,2766.019,3046.468,10627898900,100088659000.000
20180330,3036.611,3297.792,2896.243,3231.519,21199354000,223149730000.000
20180427,3232.440,3268.649,2998.700,3049.697,12836311700,149857350000.000
20180531,3048.699,3236.632,2934.076,3003.924,13440061000,179228720000.000
20180629,2998.286,3056.428,2475.436,2634.080,11117672000,131228691000.000
20180731,2629.144,2688.431,2462.964,2614.086,15387089000,143946350000.000
20180831,2621.006,2633.291,2338.624,2360.466,12247708300,99840356000.000
20180928,2355.153,2416.898,2292.541,2375.025,10687028000,79797018000.000
20181031,2342.092,2344.943,1966.800,2159.276,10456425400,72286341000.000
20181130,2180.225,2467.201,2170.541,2307.366,20303939000,138806840000.000
20181228,2359.129,2406.754,2203.217,2212.393,12601354700,95839044000.000
20190131,2222.940,2421.271,2176.831,2227.482,20009674000,147344010000.000
20190228,2233.344,2750.580,2233.344,2692.876,21318148000,167499840000.000
20190329,2703.544,3066.131,2680.388,3009.246,38896144000,337403900000.000
20190430,3029.479,3244.097,2869.358,2917.936,35055767000,330763930000.000
20190531,2824.537,2881.493,2660.737,2771.300,20096499000,170892310000.000
20190628,2777.450,2837.559,2607.668,2763.808,15080006000,138774250000.000
20190731,2813.438,2848.433,2616.785,2749.449,16609414000,160058550000.000
20190830,2737.428,2769.037,2540.064,2668.951,17034653000,181237230000.000
20190930,2673.332,2903.802,2673.332,2750.966,19562506000,182567890000.000
20191031,2752.645,2885.733,2676.845,2678.302,12115956600,121327442000.000
20191129,2673.811,2708.676,2569.381,2594.003,11903622100,116967837000.000
20191231,2594.407,2835.475,2571.398,2812.489,18313358000,179630390000.000
20200123,2824.241,2956.618,2736.619,2762.716,15054294000,153995770000.000
20200228,2485.268,2958.159,2320.319,2750.860,27632404000,272533320000.000
20200331,2774.647,3049.529,2595.950,2617.291,32612937000,278142500000.000
20200430,2611.351,2734.922,2529.990,2649.771,21017607000,162320060000.000
20200529,2625.971,2746.201,2621.948,2713.537,16997729000,145021150000.000
20200630,2723.032,2859.345,2723.032,2854.786,18077243000,171815880000.000
20200731,2861.355,3323.302,2848.493,3276.998,33334415000,337195460000.000
20200831,3301.231,3509.121,3252.450,3480.539,30953802000,336723490000.000
20200930,3481.178,3637.710,3294.790,3349.057,36390269000,366760410000.000
20201030,3406.412,3671.882,3406.412,3493.235,26705164000,282607600000.000
20201130,3501.516,3702.333,3487.192,3556.053,35671944000,342564570000.000
20201231,3546.565,3605.690,3305.682,3374.906,31176856000,283780530000.000
20210129,3369.685,3433.924,3087.326,3124.346,27693265000,280415820000.000
20210226,3103.019,3273.842,2936.558,3208.053,16863069000,174896760000.000
20210331,3220.255,3389.097,3150.718,3293.340,30931461000,288131710000.000
20210409,3291.041,3390.427,3271.767,3367.686,6605942100,67509318000.000
