20070831,1011.285,1211.445,946.902,1211.445,4945393800,54267875000.000
20070928,1226.002,1337.085,1203.277,1299.769,3865279700,47968263000.000
20071031,1322.204,1322.204,1007.482,1092.792,2047612500,26485822000.000
20071130,1094.033,1103.929,1018.722,1065.645,1698038800,20658507000.000
20071228,1057.451,1313.045,1057.451,1291.972,2360757300,29723068000.000
20080131,1293.583,1472.889,1255.465,1269.662,3048783400,44834829000.000
20080229,1262.319,1408.701,1221.942,1339.213,1557675000,23616936000.000
20080331,1335.060,1508.835,1124.124,1124.124,3382632500,41704517000.000
20080430,1118.502,1154.518,971.698,1154.518,2506622900,28973715000.000
20080530,1168.585,1217.314,1058.302,1093.144,2547707000,31642399000.000
20080630,1092.767,1096.878,760.797,771.551,1453893000,13269682400.000
20080731,778.713,919.256,756.648,862.774,2267023100,19698410000.000
20080829,854.098,871.705,642.431,671.282,1104287300,7872962200.000
20080926,665.624,665.624,515.341,562.377,1308462240,7746103800.000
20081031,550.413,550.413,390.437,390.437,1309696270,6200224300.000
20081128,387.270,496.159,374.444,442.014,2713064100,12116337600.000
20081231,440.036,549.947,440.036,462.292,3968715000,20009711000.000
20090123,468.633,540.747,468.633,540.203,2187692100,10992349300.000
20090227,544.638,728.404,544.638,608.344,6231667600,39155122000.000
20090331,595.068,761.780,595.068,761.780,5237911400,32916247000.000
20090430,765.487,823.107,744.020,785.356,6540928400,44490777000.000
20090527,786.988,860.043,786.988,823.607,4408737600,29657248000.000
20090630,829.916,877.228,829.916,869.344,5227296200,37713935000.000
20090731,867.705,1048.544,867.705,1024.781,7161782200,55258705000.000
20090831,1028.262,1087.279,846.866,851.968,5546497300,46118651000.000
20090930,843.638,988.763,837.400,861.520,4214276800,31757139000.000
20091030,874.603,985.603,874.603,950.512,3166655200,25265933000.000
20091130,937.310,1154.142,937.310,1085.209,6335000300,52493230000.000
20091231,1085.568,1194.079,1085.568,1156.225,6164852500,51708510000.000
20100129,1161.980,1234.263,1091.997,1105.493,5048246600,44617360000.000
20100226,1101.517,1197.658,1091.962,1197.658,2846790400,24105233000.000
20100331,1200.473,1241.586,1175.081,1237.718,4623362400,44343865000.000
20100430,1237.476,1356.254,1201.400,1201.400,6255387500,61268110000.000
20100531,1178.958,1237.087,1003.541,1072.453,3011665100,25929424000.000
20100630,1058.217,1088.747,954.322,954.322,2551116100,19488895000.000
20100730,951.669,1107.968,929.280,1107.968,3683153000,27358100000.000
20100831,1106.067,1166.105,1095.952,1148.326,4773795600,38138667000.000
20100930,1149.186,1260.766,1143.056,1212.906,5202913900,44039702000.000
20101029,1223.099,1331.441,1220.978,1303.928,5678290100,51415444000.000
20101130,1303.281,1398.010,1231.262,1245.026,6703393200,60897908000.000
20101231,1240.260,1259.999,1123.390,1163.324,2988654900,29569384000.000
20110131,1169.429,1185.935,1099.839,1146.640,3292142000,27009613000.000
20110228,1145.868,1284.702,1137.364,1280.989,3716625700,32297399000.000
20110331,1279.962,1325.549,1256.034,1262.803,6242015200,60443175000.000
20110429,1263.468,1376.470,1216.119,1250.941,5315959200,46348594000.000
20110531,1251.847,1286.665,1077.761,1107.663,4628975600,36589714000.000
20110630,1106.213,1134.791,1066.726,1128.351,3123423500,23926861000.000
20110729,1129.690,1217.657,1129.234,1158.907,3768417400,30759119000.000
20110831,1155.439,1166.530,1006.482,1132.848,3375381600,24384077000.000
20110930,1131.933,1138.484,997.392,1012.854,1778878100,12793923600.000
20111031,1015.788,1068.638,975.572,1052.834,1412799500,9767527200.000
20111130,1044.286,1108.320,1007.650,1018.357,2596185600,19287087000.000
20111230,1042.201,1052.258,833.497,865.186,1424932300,9547168100.000
20120131,874.957,900.470,810.874,871.747,1230801950,7011267700.000
20120229,868.923,1007.591,865.853,993.835,2707539100,15541616000.000
20120330,987.945,1079.832,937.730,946.746,4248907700,27490368000.000
20120427,944.195,1015.208,943.025,980.838,2221862800,13866744000.000
20120531,988.071,989.570,926.460,961.393,2965084100,15684607000.000
20120629,962.318,965.099,849.072,864.182,1746937000,8748710900.000
20120731,864.029,871.363,778.301,782.923,2067378400,9014705600.000
20120831,780.704,834.235,770.337,783.749,2741315000,11598672000.000
20120928,779.606,826.745,745.344,771.345,2096195300,8388570500.000
20121031,771.499,838.268,770.437,807.743,3737313800,15306554000.000
20121130,805.858,826.831,704.029,717.161,2976702300,12923577900.000
20121231,717.161,837.611,693.535,836.485,4698395400,17849708000.000
20130131,841.503,888.542,815.029,879.632,5125018800,22410583000.000
20130228,882.270,912.598,864.378,900.372,3017396000,15454293000.000
20130329,898.683,948.023,874.411,902.770,4745075800,28117652000.000
20130426,901.302,910.759,844.703,880.388,2543526500,17372589000.000
20130531,879.827,989.620,876.426,971.331,4509906200,36627043000.000
20130628,969.405,977.416,742.073,782.328,2372787000,13356103200.000
20130731,781.076,837.608,776.282,817.265,2580268900,12883299000.000
20130830,816.412,884.111,815.569,874.457,3491828300,20570726000.000
20130930,873.554,921.025,870.517,907.768,3589026200,16925114000.000
20131031,906.678,971.006,851.217,871.988,4665121300,22955373000.000
20131129,869.789,906.197,830.556,898.302,3537253100,22998789000.000
20131231,877.680,879.541,807.178,832.623,2822103500,18348187000.000
20140130,831.592,835.953,765.097,806.665,2519493400,18252971000.000
20140228,801.614,850.000,779.474,801.044,2705930200,19202827000.000
20140331,800.934,826.494,777.808,800.386,2892455000,16229606000.000
20140430,800.626,837.617,778.788,788.480,2746256200,18180797000.000
20140530,788.304,818.216,787.795,796.553,2242581100,18069671000.000
20140630,795.020,847.101,781.593,846.470,4660868000,22798152000.000
20140731,847.551,891.955,834.133,891.488,7053221000,32247113000.000
20140829,889.605,974.565,879.101,964.836,7021155500,34808786000.000
20140930,962.472,1089.503,961.362,1087.176,9739494900,49574646000.000
20141031,1093.481,1152.368,1060.419,1124.954,6202767600,40467303000.000
20141128,1123.668,1170.383,1091.830,1163.075,6434236100,38397621000.000
20141231,1162.279,1197.610,1070.050,1086.562,12800614100,63904704000.000
20150130,1087.338,1194.846,1053.353,1175.280,7656694500,43146599000.000
20150227,1163.471,1219.036,1126.623,1216.618,4111937900,25927446000.000
20150331,1217.570,1484.191,1211.169,1473.206,14230791000,93562445000.000
20150430,1476.085,1791.661,1471.464,1777.445,16931725000,135155300000.000
20150529,1781.423,2439.502,1693.279,2258.297,17063666000,155250360000.000
20150630,2264.673,2791.927,1703.411,1965.424,23076742000,233909740000.000
20150731,1920.943,1988.491,1142.651,1581.649,16985705000,130773609000.000
20150831,1559.598,1926.624,1276.551,1378.727,17702281000,128695493000.000
20150930,1360.650,1391.033,1176.007,1307.299,10874575800,69416185000.000
20151030,1346.380,1670.442,1337.917,1619.451,11553652200,91242733000.000
20151130,1582.885,1838.642,1566.264,1722.706,14364544000,125550495000.000
20151231,1717.991,1846.502,1690.561,1797.493,10866954200,97930155000.000
20160129,1794.297,1794.397,1204.669,1266.168,8646097500,65450129000.000
20160229,1253.386,1474.969,1214.979,1265.732,5981351100,45129775000.000
20160331,1263.562,1519.665,1246.987,1501.847,9377739000,71686806000.000
20160429,1497.717,1600.749,1471.513,1561.387,8116812200,64023699000.000
20160531,1563.885,1614.246,1409.582,1543.589,6974315100,58041539000.000
20160630,1543.053,1593.290,1459.174,1591.636,6906860500,59072050000.000
20160729,1591.788,1702.451,1572.166,1610.320,8104817500,67369470000.000
20160831,1605.328,1730.311,1574.126,1728.852,6265426600,50967551000.000
20160930,1728.440,1796.233,1717.832,1760.123,5443234400,44344076000.000
20161031,1767.075,1867.624,1767.075,1825.639,4662838300,40225201000.000
20161130,1824.523,1944.365,1821.392,1880.745,6637402000,53809376000.000
20161230,1881.409,1895.582,1752.932,1855.232,7115608400,68971551000.000
20170126,1855.497,1927.800,1686.789,1844.799,6412808000,53310937000.000
20170228,1853.855,2003.982,1838.510,1988.209,6593695900,61678824000.000
20170331,1986.722,2005.503,1898.690,1914.934,6470736700,69278312000.000
20170428,1918.242,1959.718,1704.476,1779.657,4751582000,44296152000.000
20170531,1780.191,1802.783,1619.757,1676.679,3525590400,32442994000.000
20170630,1673.136,1773.660,1600.973,1773.168,4648801900,42850524000.000
20170731,1777.595,1925.239,1768.856,1866.935,10764223000,82540983000.000
20170831,1865.000,1898.065,1799.823,1895.538,9893651000,77715775000.000
20170929,1897.045,2039.069,1886.509,2003.491,9848618800,85855602000.000
20171031,2028.337,2032.286,1908.107,1940.526,5614519200,51450984000.000
20171130,1938.329,1942.159,1719.691,1797.873,5079324600,50422204000.000
20171229,1800.211,1809.326,1688.272,1719.140,3522219800,33378482000.000
20180131,1721.726,1842.237,1715.115,1764.096,7730361000,74753539000.000
20180228,1760.248,1764.000,1532.615,1702.999,5983283400,49231325000.000
20180330,1684.736,1766.557,1516.897,1641.823,6872566400,56982359000.000
20180427,1639.433,1727.271,1533.598,1541.540,4226370400,39040686000.000
20180531,1537.422,1624.133,1475.982,1516.438,5578748600,61895618000.000
20180629,1508.272,1546.034,1235.873,1321.245,4411714700,33395995000.000
20180731,1324.924,1378.673,1224.793,1353.520,5121860700,34975112000.000
20180831,1358.627,1386.987,1257.956,1285.945,4662797000,32522766000.000
20180928,1284.948,1304.440,1210.290,1256.427,2683803800,16672632000.000
20181031,1240.267,1240.349,1019.575,1083.122,3072039400,15364798000.000
20181130,1086.901,1296.994,1082.887,1177.330,7171702400,38984984000.000
20181228,1204.757,1241.187,1100.346,1113.318,3907887600,21550637000.000
20190131,1115.103,1166.383,1073.285,1079.927,4833505000,24950319000.000
20190228,1082.139,1343.075,1082.139,1332.886,6346614600,35444116000.000
20190329,1325.810,1472.328,1303.052,1430.572,12159414200,72503198000.000
20190430,1437.387,1564.050,1385.393,1413.581,12692586200,80424794000.000
20190531,1365.738,1397.368,1277.826,1295.974,5492141500,37048465000.000
20190628,1297.492,1334.844,1206.088,1305.154,4092346000,23879600000.000
20190731,1335.355,1356.718,1255.466,1299.270,4898917400,38375949000.000
20190830,1300.451,1307.288,1190.584,1250.669,4682579300,27919373000.000
20190930,1251.957,1377.159,1242.533,1248.262,4539952700,29791784000.000
20191031,1249.377,1309.637,1248.926,1256.624,3384061100,20097926000.000
20191129,1255.202,1299.116,1235.786,1242.520,4248123100,24479255000.000
20191231,1240.512,1337.779,1233.902,1335.256,5224940200,28535934000.000
20200123,1360.739,1418.514,1286.333,1294.738,5942893800,34892044000.000
20200228,1166.037,1364.915,1105.647,1291.972,8213837500,47517037000.000
20200331,1300.780,1456.495,1249.076,1277.021,10649978200,58802112000.000
20200430,1274.618,1344.666,1226.517,1274.827,5879208300,35329038000.000
20200529,1263.755,1309.374,1219.968,1257.729,3798063400,24331190000.000
20200630,1259.132,1320.250,1256.424,1302.894,4574910400,30693303000.000
20200731,1305.776,1504.462,1298.661,1482.095,10403922900,74243571000.000
20200831,1499.455,1606.035,1478.283,1575.107,8611770100,72491955000.000
20200930,1575.620,1588.749,1470.333,1511.920,8030555200,68327843000.000
20201030,1535.086,1569.593,1479.746,1481.562,3585749700,46056567000.000
20201130,1479.934,1683.573,1468.397,1639.021,7780343200,72516431000.000
20201231,1641.690,1672.303,1520.805,1556.984,8536921100,85180362000.000
20210129,1565.476,1757.075,1560.615,1642.272,13215762500,115206715000.000
20210226,1643.704,1805.940,1572.674,1715.506,11886698300,100779103000.000
20210331,1737.882,1832.305,1628.011,1769.923,15768994000,121660932000.000
20210409,1770.760,1867.335,1756.398,1816.308,3158887300,29315115000.000
