20070831,1002.634,1168.727,954.970,1168.727,107095329,4676954200.000
20070928,1206.133,1265.601,1151.462,1168.727,66020504,3325644700.000
20071031,1147.776,1414.422,1142.075,1274.092,738213840,33727230000.000
20071130,1285.550,1285.550,968.338,991.371,353707670,14021976000.000
20071228,983.393,1187.057,983.393,1132.395,286329840,10277559700.000
20080131,1129.961,1135.468,957.907,957.907,298114700,10438606800.000
20080229,945.397,1080.740,945.397,1065.712,179423540,5727193700.000
20080331,1064.112,1102.906,777.211,857.493,224776510,6773176600.000
20080430,841.056,868.849,740.533,845.638,352912890,8295432900.000
20080530,847.557,948.839,845.677,893.620,347431030,8589835500.000
20080630,886.874,898.089,732.329,734.268,108936885,2364276800.000
20080731,733.514,826.409,733.514,745.193,145198540,3280211300.000
20080829,746.215,749.851,518.367,539.433,173682100,2753200400.000
20080926,531.404,531.404,458.671,496.213,119208811,1595552700.000
20081030,513.767,513.767,407.360,436.038,136834060,1587784900.000
20081128,434.870,529.888,410.608,469.996,174790660,1971932700.000
20081231,463.293,588.557,463.293,545.882,386337790,5038120400.000
20090123,559.240,642.819,559.240,631.235,156234710,2216096600.000
20090227,634.474,743.547,625.895,625.895,497553760,7523062700.000
20090331,604.439,727.424,596.631,690.422,467239310,6741380600.000
20090430,693.591,837.267,678.430,837.267,684510960,10787062500.000
20090527,835.538,982.078,835.538,977.996,606528860,10512304600.000
20090630,1002.504,1008.006,935.986,964.910,903436400,13000002000.000
20090731,964.365,1103.863,943.726,1038.585,1737487300,26133620000.000
20090831,1045.459,1052.632,775.719,775.719,1035519440,14080307000.000
20090930,771.386,889.792,764.168,786.107,699531740,8665105100.000
20091030,796.607,938.034,796.607,878.774,554230150,7231024700.000
20091130,852.368,1002.182,852.368,939.096,962966730,13205016300.000
20091231,934.349,978.591,869.411,961.766,838577700,11365359000.000
20100129,966.288,981.950,858.582,858.582,1200105900,15229264000.000
20100226,854.204,914.027,839.856,908.808,399046110,4755700100.000
20100331,907.937,926.751,872.357,913.164,830416980,9748763200.000
20100430,912.535,1025.453,884.148,899.875,888164770,10774076100.000
20100531,888.426,900.314,754.234,763.304,631108320,6334024000.000
20100630,752.668,771.631,673.382,673.382,398785630,3653721500.000
20100730,671.701,747.419,614.168,746.698,1518902300,10551231500.000
20100831,744.534,810.431,740.554,804.491,1632090400,12996108100.000
20100930,803.328,858.121,783.504,802.305,1192440660,10137144600.000
20101029,813.971,944.776,813.971,900.121,1722826200,16833542000.000
20101130,904.297,1045.502,904.297,987.402,2159718300,26325124000.000
20101231,989.581,1110.024,942.543,1064.018,1563394400,19245596000.000
20110131,1072.118,1075.200,910.950,1001.142,1392625000,18361141000.000
20110228,1004.307,1075.919,966.593,1058.008,1292344150,17939325000.000
20110331,1059.793,1079.829,976.963,982.348,1696156700,24894011000.000
20110429,985.607,1005.870,889.586,904.130,934250100,12750853300.000
20110531,906.308,958.392,778.515,797.540,615747380,7675721500.000
20110630,798.994,842.988,763.043,842.382,599729760,6634071800.000
20110729,839.656,909.583,839.338,866.810,695462450,8911378300.000
20110831,865.858,898.045,776.139,857.286,963797790,10642784800.000
20110930,858.780,866.736,764.837,774.898,1002423260,9208782500.000
20111031,777.016,863.900,729.663,837.412,1464230500,13941457000.000
20111130,824.792,912.827,764.984,779.283,1531965500,17912478000.000
20111230,802.677,814.480,605.455,637.291,845959290,8583193100.000
20120131,656.260,684.363,604.139,652.899,837593390,8379876900.000
20120229,649.449,773.333,640.727,733.707,1384376000,14283935000.000
20120330,731.010,815.109,668.935,675.150,1247122860,15188072000.000
20120427,672.851,752.563,671.259,701.272,667240330,7342821200.000
20120531,708.752,774.520,675.958,716.316,1110989170,12755760600.000
20120629,717.175,773.088,667.221,757.345,895636630,9880932100.000
20120731,758.017,820.390,684.259,687.630,1559661200,20662816000.000
20120831,685.452,813.949,685.452,723.136,1261311220,17673840000.000
20120928,717.764,825.049,674.000,705.703,947522440,12666547300.000
20121031,704.370,754.523,677.793,688.681,594113630,7716176300.000
20121130,686.890,712.908,564.715,576.784,681441520,6733340300.000
20121231,575.136,679.088,553.786,661.425,1637190000,15805499000.000
20130131,667.179,736.752,662.549,719.691,2066115500,21660575000.000
20130228,721.130,749.178,705.353,727.620,1107301140,11560206600.000
20130329,729.366,799.102,707.842,733.614,1946023500,20501844000.000
20130426,731.706,757.002,679.056,727.717,853301710,9011130100.000
20130531,722.865,906.149,716.235,892.958,1844031800,21515351000.000
20130628,901.083,902.869,690.074,760.300,1293150960,14200270000.000
20130731,757.867,878.374,737.655,821.939,1767913700,17723937000.000
20130830,837.350,889.593,808.313,832.842,1608501200,17283216000.000
20130930,831.916,969.208,809.707,938.043,1794840600,18967338000.000
20131031,938.793,1193.113,927.127,1080.063,2749962900,36013779000.000
20131129,1058.167,1193.927,1011.748,1137.561,3699578300,49865000000.000
20131231,1097.332,1117.498,1006.480,1048.994,2047291500,34092903000.000
20140130,1046.896,1171.474,1007.196,1144.037,1755126600,26440020000.000
20140228,1141.367,1259.158,1097.820,1135.787,1634303600,26428344000.000
20140331,1133.515,1204.223,990.155,997.848,1208484560,18694994000.000
20140430,999.178,1084.763,955.459,968.755,836460570,12212668700.000
20140530,983.770,1021.226,954.205,989.258,827293630,12255141500.000
20140630,989.807,1145.671,989.697,1130.258,1314896060,23296986000.000
20140731,1143.679,1204.892,1067.151,1180.796,1787197700,22970525000.000
20140829,1168.397,1221.177,1132.793,1195.940,1922306700,22882196000.000
20140930,1193.149,1287.260,1189.362,1286.377,2571904700,33198169000.000
20141031,1286.377,1309.143,1152.050,1190.909,1956733000,25164620000.000
20141128,1189.718,1214.727,1126.706,1156.214,2882448000,33032551000.000
20141231,1142.483,1224.311,1096.737,1154.950,7863912400,93862260000.000
20150130,1170.108,1383.026,1148.405,1305.146,4145316300,55769750000.000
20150227,1304.493,1379.825,1286.475,1374.240,2140265900,29462694000.000
20150331,1377.363,1644.797,1330.901,1596.317,6031960000,86857919000.000
20150430,1597.623,1927.428,1577.928,1803.261,8803304800,151306250000.000
20150529,1806.539,2397.819,1655.592,2134.322,7012137100,132997268000.000
20150630,2144.780,2528.569,1877.028,2125.336,9383073700,169987140000.000
20150731,2074.521,2182.720,1242.463,1659.967,9894798700,140266340000.000
20150831,1626.530,1898.755,1175.735,1308.799,5484134900,79496442000.000
20150930,1290.288,1439.975,1135.972,1360.689,3820888600,42917886000.000
20151030,1441.272,1716.922,1424.792,1652.237,4573109000,64268152000.000
20151130,1603.661,1963.575,1581.471,1822.478,4772842100,77635315000.000
20151231,1828.608,2035.823,1705.251,1872.320,3785272400,64970287000.000
20160129,1871.980,1872.490,1258.342,1333.763,2819388300,36495494000.000
20160229,1320.825,1520.209,1264.076,1278.863,2325156700,28597622000.000
20160331,1277.584,1484.734,1248.835,1472.363,6569989600,57123766000.000
20160429,1465.804,1569.225,1398.175,1483.581,4472926100,43013073000.000
20160531,1478.388,1539.705,1323.187,1475.286,2932120200,28504524000.000
20160630,1474.380,1598.549,1428.485,1591.652,3266866400,32242844000.000
20160729,1601.202,1667.878,1481.833,1496.334,4421967700,45931647000.000
20160831,1487.900,1593.202,1447.091,1533.838,2750903300,26897132000.000
20160930,1531.997,1585.176,1506.612,1551.708,2008385200,20401596000.000
20161031,1593.949,1669.266,1589.249,1636.667,2437024200,23354696000.000
20161130,1632.984,1815.067,1625.170,1677.644,4876139800,58413823000.000
20161230,1740.022,1772.972,1606.024,1614.692,5616424400,65922669000.000
20170126,1610.924,1686.259,1443.194,1534.630,2850319000,29818150000.000
20170228,1536.283,1612.177,1528.491,1595.006,3006654700,34074192000.000
20170331,1597.771,1631.103,1523.397,1537.318,2979776300,40317675000.000
20170428,1532.091,1588.429,1327.961,1384.153,2852698900,28530329000.000
20170531,1371.057,1509.917,1256.479,1313.412,8460465000,78671089000.000
20170630,1306.762,1334.956,1221.840,1284.484,5532980000,46056553000.000
20170731,1285.608,1313.040,1168.891,1246.925,2973865000,26455343000.000
20170831,1246.522,1326.951,1206.731,1314.428,3098310200,30677863000.000
20170929,1314.524,1369.995,1312.591,1355.278,2776189300,31443349000.000
20171031,1362.443,1386.446,1285.326,1296.875,1410895800,14031726000.000
20171130,1296.112,1366.124,1188.140,1192.067,2504215600,24595373000.000
20171229,1191.788,1235.700,1125.514,1201.316,2009009300,20359856000.000
20180131,1200.635,1327.909,1176.953,1181.299,4594886100,44796952000.000
20180228,1179.878,1188.230,1002.745,1070.705,2229982400,16237812000.000
20180330,1057.810,1177.342,1056.908,1112.388,3066317500,27524356000.000
20180427,1115.067,1145.158,1029.550,1037.142,2323281100,22491654000.000
20180531,1030.579,1258.131,1000.578,1110.189,5164639100,44776727000.000
20180629,1095.973,1122.293,874.879,990.527,2790961000,21343701000.000
20180731,984.463,999.410,895.427,990.982,2562332400,18619061000.000
20180831,985.032,1027.666,908.708,941.225,3843516300,27554423000.000
20180928,937.200,1059.162,930.462,1027.753,3904379700,26114036000.000
20181031,1018.215,1073.136,807.870,875.151,3077617300,19510258000.000
20181130,871.028,929.486,847.247,861.901,3144275900,19054616000.000
20181228,885.623,914.789,789.975,793.636,1916620700,11903905800.000
20190131,795.921,838.349,753.029,756.119,1945742800,10684744900.000
20190228,759.807,914.450,759.807,905.546,2431702100,13697671000.000
20190329,908.569,1021.487,896.739,979.242,6635269400,37733440000.000
20190430,988.094,1148.809,968.513,987.226,6971946200,42283716000.000
20190531,952.753,976.441,866.837,963.623,3817165900,19679136000.000
20190628,954.895,989.031,873.112,947.015,4528815100,30865518000.000
20190731,960.933,985.497,902.562,936.982,9398399500,49616406000.000
20190830,931.349,934.417,839.427,890.867,4789986700,26683899000.000
20190930,888.046,997.154,884.475,886.095,5488419200,33370450000.000
20191031,888.424,934.632,866.457,867.880,2391842800,14428706000.000
20191129,863.631,886.011,827.812,882.709,2747833900,16404598000.000
20191231,877.405,939.457,874.372,939.457,3576709800,19918554000.000
20200123,944.277,1035.829,930.533,940.916,4806419300,31151580000.000
20200228,852.792,934.753,799.882,852.162,4975526800,27778864000.000
20200331,855.215,917.521,768.780,792.021,6163306900,29037689000.000
20200430,786.903,855.387,747.666,782.734,5087038700,27825989000.000
20200529,788.710,802.706,754.825,767.679,2594972600,14148745000.000
20200630,769.202,808.014,769.039,795.072,2708020300,14903658000.000
20200731,795.110,905.665,791.605,884.464,7205174300,40090286000.000
20200831,885.821,940.014,885.221,917.236,5845973000,29528801000.000
20200930,916.625,963.029,850.023,854.406,6014563600,31185138000.000
20201030,867.778,902.820,821.744,823.587,2314719800,12076802300.000
20201130,821.698,976.804,806.539,884.633,5795112900,29514172000.000
20201231,881.197,916.884,808.643,828.568,5426543300,23119435000.000
20210129,830.194,878.106,753.380,760.911,4639272800,24289103000.000
20210226,758.553,908.323,754.683,851.330,4451762200,24762635000.000
20210331,855.242,966.366,838.193,912.670,11107810300,47565210000.000
20210409,894.570,896.517,855.577,861.291,2490674500,9702100800.000
