20070831,1004.044,1208.827,975.919,1182.172,30598038000,399841030000.000
20070928,1185.691,1195.801,1096.452,1140.652,18785144000,266613190000.000
20071031,1167.311,1297.519,1155.408,1297.519,25000644000,328979800000.000
20071130,1291.497,1293.688,1094.255,1140.614,17196848000,238762610000.000
20071228,1138.826,1191.136,1080.013,1168.012,13525289000,201379500000.000
20080131,1172.273,1298.295,983.434,983.434,14349194000,203018270000.000
20080229,986.056,1083.300,975.448,1030.793,7797266600,114210772000.000
20080331,1024.937,1050.246,835.667,883.285,11102470200,156993830000.000
20080430,881.450,975.759,789.688,975.759,17625154000,218677450000.000
20080530,985.370,985.370,820.988,843.660,11443192600,145125390000.000
20080630,839.333,848.841,648.802,648.802,4594375100,51207291000.000
20080731,651.059,704.955,614.161,666.419,10701985900,107233288000.000
20080829,664.484,688.994,617.060,668.774,5969455000,57889243000.000
20080926,662.571,662.571,520.518,545.283,9642211500,74937151000.000
20081030,541.977,541.977,463.701,526.953,12236381900,85855195000.000
20081128,523.858,632.030,520.107,520.107,15855722000,116268429000.000
20081231,518.092,610.000,514.414,527.335,20681829000,152487460000.000
20090123,535.170,602.386,530.803,596.282,14921359000,104503857000.000
20090227,600.393,693.545,595.070,637.145,29217257000,223691480000.000
20090331,634.483,732.257,616.116,725.446,31426870000,261996780000.000
20090430,728.844,759.421,702.846,740.337,29153020000,244288050000.000
20090527,743.059,816.079,743.059,799.158,22568521000,196399870000.000
20090630,809.586,1041.793,809.586,1028.220,32941413000,308178670000.000
20090731,1024.242,1156.391,1017.346,1156.391,37077550000,376577300000.000
20090831,1157.217,1157.217,834.206,834.206,25839679000,267961350000.000
20090930,832.148,1001.432,832.148,950.275,22105004000,229460250000.000
20091030,968.691,1067.192,968.691,1023.130,15280978000,163840370000.000
20091130,999.782,1121.383,999.782,1040.758,23903691000,263497380000.000
20091231,1036.835,1125.648,1036.835,1125.648,25437342000,280305170000.000
20100129,1130.929,1130.929,977.947,979.808,22806342000,256954360000.000
20100226,977.482,1002.322,962.962,1002.322,8075105800,88544500000.000
20100331,1002.853,1076.369,999.543,1064.709,13769285000,152348170000.000
20100430,1067.209,1075.282,896.319,935.196,16800832000,184401880000.000
20100531,916.392,920.772,834.786,848.651,14744536000,144708100000.000
20100630,844.923,862.252,794.332,815.671,12610019800,113867070000.000
20100730,814.156,914.818,812.865,911.626,27228837000,157966710000.000
20100831,909.400,934.990,886.944,896.168,25384226000,155650780000.000
20100930,897.669,920.575,832.777,858.231,19243891000,140956950000.000
20101029,866.210,1029.009,866.210,968.208,36389514000,276901020000.000
20101130,970.252,1024.310,863.784,863.784,34755441000,267318910000.000
20101231,862.557,888.212,841.561,857.319,21563412000,154786840000.000
20110131,860.639,908.881,844.461,866.217,19824972000,159683990000.000
20110228,866.020,903.559,857.701,874.658,14231064000,114595941000.000
20110331,875.683,944.998,875.341,923.403,28111865000,233170050000.000
20110429,923.045,991.477,923.045,947.855,23855817000,201885640000.000
20110531,945.718,946.925,883.965,903.316,13708715000,105817097000.000
20110630,901.732,901.732,834.539,863.973,14875820000,103105170000.000
20110729,866.359,881.909,815.682,841.042,16904204000,120288440000.000
20110831,834.297,846.129,766.017,824.226,17726162000,121458915000.000
20110930,824.958,831.740,771.938,778.835,11462686800,74700121000.000
20111031,778.269,854.817,769.319,838.203,12860209500,83471780000.000
20111130,833.542,854.623,787.402,789.121,11244668500,78092523000.000
20111230,810.547,824.822,782.845,802.867,11652874700,78091043000.000
20120131,805.783,867.397,794.369,853.201,11825485000,82414507000.000
20120229,850.652,886.741,841.230,874.777,16234564000,120436577000.000
20120330,872.888,885.140,809.534,820.918,15056043000,105625477000.000
20120427,816.866,877.188,807.784,857.486,11279935300,83210900000.000
20120531,865.685,871.366,803.510,808.755,14610629000,106879533000.000
20120629,809.563,813.002,765.287,787.270,11325371200,80417222000.000
20120731,788.352,796.589,728.673,753.587,10387273200,71238241000.000
20120831,750.572,763.199,727.541,736.049,8796410300,57336909000.000
20120928,736.049,742.200,678.937,703.501,10253031600,62395319000.000
20121031,703.501,727.896,695.762,707.293,7210598800,44368852000.000
20121130,708.000,730.151,698.413,705.709,10804186700,61763202000.000
20121231,704.673,843.719,692.418,842.022,27962179000,199870700000.000
20130131,854.111,951.256,817.893,949.015,33625177000,265267320000.000
20130228,944.625,1003.305,864.189,916.072,30040910000,260962420000.000
20130329,913.323,920.762,827.348,842.302,32647403000,302790080000.000
20130426,843.565,849.978,797.269,820.888,16143082000,145005440000.000
20130531,818.066,873.137,814.526,849.489,19247308000,176683490000.000
20130628,850.179,854.373,666.279,739.135,18308999000,137519020000.000
20130731,732.852,781.397,696.854,708.457,21687665000,147133640000.000
20130830,711.246,781.407,709.563,734.136,20738619000,149534850000.000
20130930,736.971,854.903,730.464,765.411,34900641000,279971790000.000
20131031,762.301,794.229,753.006,773.499,19449259000,156093380000.000
20131129,774.562,786.556,736.461,763.825,19818180000,152300990000.000
20131231,764.206,783.533,697.006,720.394,20817235000,149004290000.000
20140130,717.062,717.332,670.886,680.145,14237281000,88844321000.000
20140228,676.489,731.478,672.960,688.306,20150210000,127333372000.000
20140331,684.606,695.784,652.986,688.285,23716306000,147232670000.000
20140430,685.919,721.728,679.621,690.859,20740078000,143694660000.000
20140530,688.440,692.244,671.240,684.389,11971967300,77181576000.000
20140630,685.116,707.142,676.935,698.569,13728895000,83705300000.000
20140731,700.184,776.558,691.654,772.508,24689904000,147503660000.000
20140829,769.321,781.874,725.709,733.919,23004551000,141456800000.000
20140930,734.056,760.209,730.616,748.643,26219557000,162374290000.000
20141031,749.672,798.202,721.678,787.304,27705959000,173814390000.000
20141128,789.075,916.716,763.858,916.082,75805796000,480546850000.000
20141231,926.502,1140.001,890.404,1135.296,234196440000,1721499900000.000
20150130,1143.243,1189.540,1007.322,1013.866,138803440000,1050707110000.000
20150227,985.731,1034.831,947.930,999.652,57008807000,395555050000.000
20150331,1003.275,1130.718,936.070,1091.603,146795300000,1122446810000.000
20150430,1089.351,1324.751,1080.831,1238.669,200344700000,1640103400000.000
20150529,1237.198,1256.366,1132.993,1168.961,120735900000,1062762100000.000
20150630,1169.472,1410.422,1066.370,1220.870,199204040000,1689632300000.000
20150731,1201.030,1345.350,1051.482,1069.366,219236920000,1756233800000.000
20150831,1059.140,1112.421,815.840,980.488,70869275000,505071240000.000
20150930,958.917,1029.170,938.864,949.638,50527019000,363158360000.000
20151030,970.708,1026.223,959.787,1001.701,25819073000,185081350000.000
20151130,996.425,1131.649,979.584,1040.294,47933761000,377163330000.000
20151231,1038.408,1120.671,1019.358,1067.559,47888009000,391561850000.000
20160129,1065.357,1065.424,872.300,897.967,25953777000,185444370000.000
20160229,896.339,926.453,862.177,885.876,15981425000,99868573000.000
20160331,884.340,984.379,879.557,963.191,35313802000,241283550000.000
20160429,962.830,980.982,943.709,968.167,18670664000,141821680000.000
20160531,969.740,988.668,942.787,987.297,14910223000,108363806000.000
20160630,986.670,988.469,958.842,979.921,13657695000,95670155000.000
20160729,980.288,1037.764,979.247,1022.588,17800951000,121199750000.000
20160831,1020.990,1142.255,1019.935,1096.113,31410170000,275988410000.000
20160930,1094.652,1097.453,1031.178,1034.380,16417014000,131985787000.000
20161031,1037.156,1064.329,1023.174,1060.154,14134593000,117271497000.000
20161130,1061.262,1131.285,1044.678,1087.035,33715308000,304114970000.000
20161230,1088.736,1128.257,1003.779,1018.323,31224473000,245844660000.000
20170126,1020.614,1039.701,997.807,1033.402,17659379000,131864863000.000
20170228,1034.392,1174.022,1017.209,1169.594,24153424000,219838550000.000
20170331,1180.869,1201.808,1139.566,1174.073,27953605000,260681540000.000
20170428,1161.346,1171.443,1099.877,1126.108,23554316000,210206930000.000
20170531,1121.018,1170.772,1074.503,1117.409,31751474000,295189330000.000
20170630,1113.336,1149.134,1089.076,1135.164,35371171000,304134810000.000
20170731,1134.331,1218.160,1124.401,1164.162,43554219000,357486090000.000
20170831,1163.473,1223.411,1129.820,1195.840,40083147000,323040710000.000
20170929,1192.418,1201.620,1123.986,1127.476,26979254000,215971140000.000
20171031,1157.738,1162.255,1108.980,1112.262,25658119000,206100050000.000
20171130,1111.356,1136.789,1075.928,1106.637,49208282000,417812780000.000
20171229,1104.378,1109.106,1059.884,1080.915,31087262000,263211430000.000
20180131,1081.699,1264.228,1081.699,1221.985,82002451000,702403410000.000
20180228,1218.882,1265.910,1086.520,1124.992,54924564000,473761380000.000
20180330,1116.648,1146.715,1026.632,1051.327,44238852000,341101140000.000
20180427,1051.414,1080.737,1011.751,1029.009,30001720000,226526310000.000
20180531,1034.232,1053.874,990.372,1003.035,28324088000,219759710000.000
20180629,999.966,1010.561,904.828,922.414,26331606000,193939690000.000
20180731,920.535,983.178,884.060,974.791,31079760000,212194110000.000
20180831,974.323,980.392,910.944,958.179,26521677000,188727390000.000
20180928,955.684,1000.447,935.070,991.591,23770144000,171057180000.000
20181031,972.269,991.991,887.849,977.900,32770439000,244012570000.000
20181130,979.676,1000.169,932.762,940.753,30939370000,228224320000.000
20181228,957.750,962.172,878.998,894.171,21120966000,152115840000.000
20190131,894.282,936.650,879.638,929.542,28896076000,197250500000.000
20190228,933.274,1093.205,924.645,1062.388,38297641000,278224520000.000
20190329,1068.297,1145.705,1023.778,1064.583,63105922000,508087950000.000
20190430,1069.004,1139.524,1047.667,1057.438,60574307000,499344090000.000
20190531,1032.341,1051.137,977.199,991.682,37054480000,288722060000.000
20190628,991.156,1051.659,979.656,1020.952,31752698000,255916680000.000
20190731,1034.661,1039.324,998.778,1022.429,28884312000,237323400000.000
20190830,1019.005,1021.510,951.148,956.681,31479870000,271184700000.000
20190930,957.155,1021.527,956.179,983.002,30335101000,257177930000.000
20191031,980.931,1078.044,980.295,1018.749,34044721000,286461160000.000
20191129,1017.070,1060.267,983.868,985.896,31444385000,262944070000.000
20191231,986.497,1051.694,980.563,1034.124,38673849000,293562200000.000
20200123,1048.445,1054.354,972.687,977.290,27220099000,225286040000.000
20200228,889.992,970.118,889.992,923.557,41996162000,327786750000.000
20200331,924.189,977.757,851.145,867.536,46552573000,359308920000.000
20200430,869.104,892.677,851.997,886.488,25695549000,193177950000.000
20200529,876.924,890.619,860.898,872.446,20499623000,154924080000.000
20200630,875.343,901.069,866.429,884.352,29893658000,224376280000.000
20200731,884.011,1086.583,880.230,939.364,97969157000,746524010000.000
20200831,943.898,1030.494,941.778,981.163,55166169000,457257760000.000
20200930,978.295,986.906,934.399,937.410,36056007000,298825160000.000
20201030,943.391,1012.913,935.280,936.518,36547291000,306793510000.000
20201130,937.567,1068.557,932.607,1019.942,52717479000,436240510000.000
20201231,1019.107,1080.544,961.719,1001.921,63739996000,499977270000.000
20210129,995.596,1030.584,962.595,993.279,61826581000,552038610000.000
20210226,988.901,1068.613,982.804,1025.342,57107496000,502145410000.000
20210331,1026.778,1067.213,1010.087,1032.702,66352284000,575067290000.000
20210409,1032.453,1032.453,1011.488,1012.025,9398077600,75606234000.000
