20070831,1004.181,1106.905,946.269,1106.905,8055613800,121466489000.000
20070928,1115.272,1130.924,1031.376,1090.053,6648385200,104613643000.000
20071031,1107.488,1107.488,898.780,962.966,4154834900,61684745000.000
20071130,962.952,979.105,902.394,927.243,3317459100,47407564000.000
20071228,923.076,1147.787,923.076,1141.768,4699439900,73998863000.000
20080131,1152.800,1225.535,1023.599,1023.599,4523305900,76582063000.000
20080229,1022.942,1128.436,983.193,1084.943,2532934600,39743368000.000
20080331,1079.284,1134.149,882.489,897.289,4193834400,63731899000.000
20080430,890.373,890.373,751.688,888.085,3596494300,46203595000.000
20080530,896.518,954.056,835.659,845.971,4207201200,52487145000.000
20080630,839.359,847.767,578.941,602.346,1831409200,19657905000.000
20080731,600.119,705.746,581.856,667.006,3977754100,38715100000.000
20080829,658.317,685.379,499.224,512.206,2710291300,23933826000.000
20080926,507.800,507.800,413.418,484.145,2321497000,17103898000.000
20081031,479.524,479.524,419.232,421.041,2236844400,13626359000.000
20081128,421.041,570.885,421.041,504.846,4925199400,28682067000.000
20081231,501.730,619.819,501.730,552.819,8265079300,52353060000.000
20090123,560.859,607.020,560.859,598.976,4863589500,37143234000.000
20090227,604.514,778.746,604.514,669.961,12838206600,103744796000.000
20090331,658.815,795.696,658.815,795.696,10214476600,83774640000.000
20090430,797.127,931.282,781.035,881.797,11919297800,109372711000.000
20090527,885.053,942.107,882.073,924.546,8455067900,77916878000.000
20090630,931.245,1018.576,931.245,1013.812,10923935300,104408850000.000
20090731,1011.838,1122.653,1011.838,1088.802,13864383000,146366010000.000
20090831,1091.555,1128.639,915.699,958.598,11327348000,121924720000.000
20090930,949.325,1137.451,949.325,1018.034,9697889300,102929066000.000
20091030,1035.891,1156.106,1035.891,1126.323,6419097500,72253944000.000
20091130,1102.846,1378.662,1102.846,1321.932,13196688800,152691180000.000
20091231,1321.593,1387.981,1254.713,1362.879,10144611900,129533947000.000
20100129,1370.157,1460.415,1309.600,1347.080,9445836600,128877486000.000
20100226,1343.674,1454.878,1335.114,1453.850,5862782900,74554368000.000
20100331,1452.994,1477.197,1391.312,1465.469,8953419600,115567568000.000
20100430,1464.253,1530.573,1385.311,1385.311,10616873400,146876920000.000
20100531,1360.519,1435.216,1192.940,1282.936,6931062800,81766300000.000
20100630,1270.118,1351.677,1209.141,1212.136,4870702100,60251109000.000
20100730,1207.722,1375.097,1169.572,1375.097,7062909100,80728345000.000
20100831,1374.300,1591.423,1374.300,1591.423,10204554500,128357286000.000
20100930,1597.386,1671.503,1570.385,1626.190,8590513100,115934299000.000
20101029,1638.334,1653.695,1515.934,1612.092,8563841200,121194295000.000
20101130,1616.150,1774.373,1598.108,1628.499,12289654500,174766670000.000
20101231,1624.359,1652.924,1494.140,1555.776,7119639800,100309235000.000
20110131,1561.697,1584.609,1394.262,1475.671,5570258300,72086944000.000
20110228,1477.055,1598.004,1451.185,1570.771,5542523800,73494752000.000
20110331,1572.027,1625.687,1507.199,1516.374,9566236300,133530076000.000
20110429,1515.475,1598.107,1500.525,1526.911,8046616400,103940867000.000
20110531,1526.518,1577.927,1354.067,1415.774,6268657400,79107086000.000
20110630,1413.302,1457.638,1327.938,1419.085,4952592200,57485572000.000
20110729,1425.235,1592.510,1420.455,1467.286,6384606700,78131737000.000
20110831,1465.111,1525.650,1334.690,1459.594,6564353600,79728251000.000
20110930,1464.249,1478.474,1259.877,1267.989,4986460600,53034114000.000
20111031,1267.236,1439.411,1198.113,1313.160,4309649000,43477811000.000
20111130,1302.647,1366.858,1227.940,1238.870,6709645500,65696318000.000
20111230,1268.869,1277.450,1010.925,1058.193,4943093800,44593528000.000
20120131,1066.374,1088.993,974.677,1050.983,4011848800,35264113000.000
20120229,1047.973,1192.164,1034.638,1153.583,7168685900,64690469000.000
20120330,1149.894,1234.737,1065.890,1076.809,9416835000,91368435000.000
20120427,1078.769,1181.265,1076.263,1145.941,7698556700,68026722000.000
20120531,1154.124,1175.378,1069.352,1112.002,8255231200,75629025000.000
20120629,1112.193,1119.447,1026.979,1049.803,4905885200,43352433000.000
20120731,1053.347,1067.656,935.728,939.963,5627248000,46550527000.000
20120831,936.785,989.711,910.212,927.328,6242926600,46541189000.000
20120928,926.370,985.270,897.187,932.145,6414479000,51496405000.000
20121031,933.031,956.517,907.947,916.043,5025671600,38407785000.000
20121130,915.345,931.731,785.193,798.545,4503216800,32152265000.000
20121231,790.559,907.879,767.448,907.515,7675757400,56172542000.000
20130131,912.151,948.616,895.346,929.661,9500555800,74268662000.000
20130228,925.942,955.118,916.841,937.419,6377524800,50204649000.000
20130329,932.731,938.629,873.750,887.184,7753934900,57798547000.000
20130426,883.430,895.437,843.555,844.496,5157848900,40395411000.000
20130531,843.248,938.864,838.640,930.668,9316018900,73615842000.000
20130628,929.710,934.928,738.087,788.362,6949761400,50705453000.000
20130731,786.341,850.300,782.893,811.942,11446221700,78129370000.000
20130830,812.741,941.949,811.690,929.092,15831248000,115182418000.000
20130930,929.569,1059.308,909.439,1026.878,20664471000,183860510000.000
20131031,1026.431,1135.440,958.617,980.094,20641141000,206242620000.000
20131129,974.903,1027.811,931.253,1027.315,13993013000,128820501000.000
20131231,1004.283,1030.954,947.675,974.484,11936096900,108846432000.000
20140130,972.964,987.418,899.194,965.755,10411410700,95441954000.000
20140228,958.228,1040.609,947.252,971.701,13531916000,123218256000.000
20140331,968.858,1003.845,938.642,945.896,15088576000,126310228000.000
20140430,941.888,989.559,909.142,938.078,11250395900,94391424000.000
20140530,934.609,948.217,902.103,926.035,7908092900,65478153000.000
20140630,924.807,928.396,888.573,927.416,8837764800,71207275000.000
20140731,927.865,991.240,921.139,991.240,14050430000,109717505000.000
20140829,988.858,1047.346,980.030,1024.158,17462815000,146223050000.000
20140930,1025.749,1162.247,1025.623,1161.557,24019117000,218362670000.000
20141031,1165.782,1184.034,1106.334,1171.114,16525024000,153772010000.000
20141128,1173.869,1223.387,1114.523,1219.695,18624420000,177781070000.000
20141231,1220.175,1284.938,1173.567,1222.875,29642169000,302817300000.000
20150130,1222.407,1319.316,1153.551,1286.307,20355528000,219778140000.000
20150227,1272.197,1374.717,1249.533,1374.055,15298064000,179067280000.000
20150331,1384.624,1704.281,1378.282,1684.942,37752690000,492015460000.000
20150430,1684.099,2058.765,1682.282,2038.534,39282982000,596553090000.000
20150529,2046.008,2733.067,1906.490,2511.039,47347101000,825585070000.000
20150630,2530.345,3108.701,1936.051,2235.376,45972280000,919097980000.000
20150731,2209.780,2297.370,1322.473,1840.709,43673957000,606987820000.000
20150831,1802.667,2295.462,1435.480,1587.359,40669488000,576743300000.000
20150930,1560.816,1618.078,1351.861,1470.436,28528856000,336483230000.000
20151030,1523.168,1866.535,1510.720,1810.638,33159968000,441104430000.000
20151130,1755.141,2032.562,1738.910,1883.247,38935157000,528545430000.000
20151231,1882.493,2190.855,1821.670,2094.070,27080252000,388102550000.000
20160129,2085.525,2087.788,1389.341,1456.838,17195471000,205440820000.000
20160229,1449.953,1657.386,1383.523,1398.134,14443918000,175737310000.000
20160331,1398.457,1684.764,1382.755,1669.443,22726190000,269028800000.000
20160429,1661.823,1772.731,1619.587,1662.568,19160901000,234491040000.000
20160531,1663.191,1726.261,1498.867,1602.275,13067828200,152864960000.000
20160630,1602.304,1650.644,1539.503,1628.517,16082906000,183345060000.000
20160729,1630.947,1738.983,1618.290,1671.704,18804198000,205636140000.000
20160831,1663.110,1802.618,1624.060,1780.838,19554239000,217942370000.000
20160930,1783.337,1817.107,1728.416,1779.016,11567704400,131567248000.000
20161031,1784.791,1891.733,1779.162,1866.583,11067898200,138381920000.000
20161130,1865.813,2054.356,1865.813,1987.239,20967587000,283858590000.000
20161230,1988.201,2083.983,1897.050,2002.372,26727155000,342323280000.000
20170126,2003.373,2111.580,1821.295,1916.509,15610752000,207329470000.000
20170228,1919.575,2051.854,1910.818,2014.425,14507728000,191651660000.000
20170331,2013.923,2029.187,1900.118,1911.294,13621924000,182602910000.000
20170428,1914.118,1953.284,1698.367,1759.822,10407428900,117886335000.000
20170531,1758.037,1771.494,1554.780,1656.043,10317217600,115327220000.000
20170630,1647.636,1710.771,1583.355,1697.927,11901118500,132421913000.000
20170731,1697.504,1737.839,1592.943,1699.885,11520137700,122793332000.000
20170831,1697.677,1721.829,1630.123,1721.687,11598034000,124066962000.000
20170929,1721.618,1762.053,1706.912,1734.863,11424313400,123657478000.000
20171031,1754.679,1800.617,1700.555,1721.169,12122507000,140288240000.000
20171130,1717.777,1719.676,1546.000,1561.770,12410895600,135573620000.000
20171229,1559.610,1651.744,1506.143,1568.752,12520267900,138708050000.000
20180131,1569.338,1610.111,1544.549,1566.453,13865381000,160922660000.000
20180228,1559.782,1561.592,1341.034,1449.313,8170912100,87025939000.000
20180330,1445.851,1555.563,1411.976,1493.772,14616273000,154139700000.000
20180427,1496.571,1509.844,1388.413,1431.535,9681860400,102692886000.000
20180531,1433.714,1528.895,1420.806,1513.517,12356234600,151192180000.000
20180629,1506.989,1520.459,1240.831,1276.313,10984341500,125800625000.000
20180731,1273.238,1312.387,1192.160,1286.490,10503886200,103484969000.000
20180831,1286.111,1291.811,1173.248,1189.848,9120297700,80390699000.000
20180928,1189.052,1202.088,1121.263,1168.679,7241310900,56224960000.000
20181031,1153.025,1153.025,963.990,1061.952,7451536800,54200570000.000
20181130,1063.388,1185.354,1063.388,1118.189,13243933700,93196631000.000
20181228,1139.278,1154.007,1041.493,1058.419,7754688500,53846295000.000
20190131,1059.588,1131.832,1041.421,1055.183,11037941900,72136887000.000
20190228,1054.953,1249.372,1054.926,1240.368,13437951000,101368823000.000
20190329,1243.718,1355.715,1230.281,1334.920,24456730000,194297640000.000
20190430,1341.740,1419.170,1279.085,1304.005,21447853000,182216010000.000
20190531,1268.882,1280.200,1188.972,1209.209,11754622000,96679271000.000
20190628,1208.695,1246.513,1159.714,1230.135,9880667700,72601646000.000
20190731,1243.035,1255.293,1167.948,1185.834,8698232000,67935068000.000
20190830,1182.245,1209.697,1093.690,1184.909,10218412700,83156216000.000
20190930,1183.801,1260.330,1182.171,1199.069,13658819000,117847649000.000
20191031,1198.127,1237.943,1189.837,1191.078,10627038800,82685211000.000
20191129,1189.330,1207.434,1152.092,1160.303,9656525200,77361717000.000
20191231,1159.372,1248.459,1152.205,1236.852,14894769000,113429323000.000
20200123,1243.684,1304.643,1185.464,1192.574,14806384000,111370640000.000
20200228,1076.109,1190.115,1016.515,1131.171,19050099000,133531930000.000
20200331,1133.170,1234.120,1116.565,1189.414,24815034000,163501200000.000
20200430,1182.820,1209.135,1145.537,1169.839,19967372000,135198530000.000
20200529,1156.386,1248.815,1154.643,1246.910,21559790000,145149040000.000
20200630,1256.898,1401.848,1256.898,1369.700,37520801000,286238360000.000
20200731,1377.030,1673.973,1370.719,1575.722,52691588000,538836170000.000
20200831,1587.803,1615.928,1494.832,1524.804,26225494000,265001660000.000
20200930,1525.208,1541.018,1404.251,1411.857,18943628000,166324980000.000
20201030,1428.421,1479.975,1369.569,1371.196,10512185700,97728043000.000
20201130,1368.599,1422.429,1351.857,1382.930,16000011000,140926260000.000
20201231,1380.094,1396.060,1248.331,1267.168,16724359000,136892110000.000
20210129,1266.552,1267.832,1152.270,1160.648,21104758000,176245510000.000
20210226,1156.392,1235.849,1115.016,1211.686,13901566000,112263628000.000
20210331,1215.650,1258.076,1189.903,1246.636,19474337000,142889030000.000
20210409,1245.754,1271.047,1239.416,1266.076,3525903100,27436386000.000
