20070831,1008.932,1155.096,942.272,1155.096,4916486900,92646817000.000
20070928,1165.285,1210.955,1111.769,1210.955,3777115300,76817143000.000
20071031,1227.905,1229.860,978.271,1054.413,2422931500,61907480000.000
20071130,1058.051,1058.051,944.577,1044.532,1791632600,36309087000.000
20071228,1046.623,1278.570,1044.018,1278.570,2084776000,40088193000.000
20080131,1290.882,1396.622,1155.912,1155.912,3138048200,74079968000.000
20080229,1158.616,1267.399,1099.965,1243.190,1322969700,29670819000.000
20080331,1241.250,1298.747,914.918,914.918,1737580200,36592537000.000
20080430,906.882,906.882,701.098,863.038,1800540200,35319906000.000
20080530,876.077,925.110,822.996,843.543,2076268400,40117176000.000
20080630,841.606,866.034,595.742,610.153,1590589700,24017077000.000
20080731,612.519,729.606,594.898,685.375,2166674900,31669410000.000
20080829,680.585,695.133,516.507,535.447,4731179300,26184368000.000
20080926,530.014,530.014,438.713,497.191,5373882100,30556849000.000
20081031,485.862,485.862,367.758,374.893,3743523500,20095995000.000
20081128,373.988,483.797,369.163,444.176,9782700200,52397889000.000
20081231,442.247,563.076,442.247,512.420,7849903900,52776345000.000
20090123,521.645,640.217,521.645,640.217,4184145900,34496701000.000
20090227,650.260,803.031,650.260,669.761,10451192800,96763148000.000
20090331,656.155,818.219,656.155,818.219,8476915100,87027694000.000
20090430,820.317,936.367,818.491,866.663,9571074200,109058526000.000
20090527,869.730,923.443,855.484,901.288,6202854000,60479014000.000
20090630,908.702,953.165,908.702,942.660,8717722900,78417047000.000
20090731,939.614,1149.458,939.614,1138.903,13180394200,153327100000.000
20090831,1142.679,1166.136,921.917,1007.468,9353480500,125934273000.000
20090930,997.641,1156.332,968.821,980.452,9027283200,110109291000.000
20091030,994.782,1102.133,994.782,1064.125,4151205700,49451251000.000
20091130,1043.791,1282.355,1043.791,1228.069,9268246300,109796723000.000
20091231,1228.419,1284.178,1153.864,1246.439,10568121200,109747553000.000
20100129,1252.173,1369.199,1210.030,1235.542,9110605200,106597097000.000
20100226,1230.631,1347.199,1209.435,1347.199,4010404500,46909803000.000
20100331,1346.771,1390.320,1302.517,1390.320,7490209100,89851692000.000
20100430,1389.701,1483.441,1282.584,1282.584,8644890400,105557882000.000
20100531,1260.903,1333.250,1107.056,1206.558,5107127000,58379119000.000
20100630,1192.714,1274.752,1089.905,1089.905,3576258700,42030950000.000
20100730,1088.894,1312.812,1066.762,1312.557,6419424000,65988676000.000
20100831,1314.021,1459.088,1295.869,1459.088,8717631400,106400439000.000
20100930,1460.984,1562.714,1432.935,1538.370,8063994700,106063427000.000
20101029,1550.445,1705.069,1498.302,1705.069,9725195600,135520410000.000
20101130,1716.840,1870.195,1609.235,1662.298,14632322000,215784240000.000
20101231,1655.571,1765.228,1550.683,1617.010,10166677900,138810910000.000
20110131,1628.490,1696.415,1458.730,1639.299,11497166900,152933740000.000
20110228,1641.350,1770.359,1613.149,1769.622,10399593400,142571570000.000
20110331,1772.810,1810.028,1678.153,1685.261,10754624100,152381510000.000
20110429,1690.550,1726.129,1516.881,1546.498,5986591000,79996165000.000
20110531,1549.259,1582.788,1395.227,1426.439,4431002900,53400227000.000
20110630,1426.110,1587.768,1397.126,1580.868,6167721700,85150970000.000
20110729,1585.240,1699.624,1574.400,1582.021,8624238800,129410958000.000
20110831,1577.145,1590.231,1387.126,1448.385,6407400600,78591007000.000
20110930,1451.081,1458.967,1255.760,1267.614,3841779900,41550363000.000
20111031,1270.534,1336.151,1190.629,1331.284,4752256600,46130501000.000
20111130,1321.627,1389.281,1248.068,1262.920,6283374300,67273929000.000
20111230,1299.830,1311.394,995.025,1044.188,4440432000,44098068000.000
20120131,1053.075,1084.066,951.223,1056.776,3511277600,29651644000.000
20120229,1054.396,1222.061,1042.350,1181.620,6668597700,63325264000.000
20120330,1177.307,1275.192,1052.312,1070.730,7056295200,76287334000.000
20120427,1071.775,1220.654,1067.520,1170.330,5836557400,56418012000.000
20120531,1182.462,1222.129,1101.785,1149.490,7162620800,71451319000.000
20120629,1148.436,1154.970,1021.374,1041.371,3784551300,36244705000.000
20120731,1044.141,1068.842,920.745,921.868,4309273100,38475365000.000
20120831,917.996,975.102,913.395,927.382,4159962600,35122942000.000
20120928,924.252,1092.825,908.054,947.039,8117942000,73334403000.000
20121031,950.393,991.096,928.859,938.976,4440096400,33784744000.000
20121130,937.515,967.099,823.252,839.631,5131600600,38453940000.000
20121231,835.432,1006.554,813.916,1000.503,7160275400,58480053000.000
20130131,1005.394,1200.887,981.980,1154.483,13287727700,148615250000.000
20130228,1150.260,1211.720,1144.778,1211.560,7691605500,79525452000.000
20130329,1210.562,1235.727,1097.550,1113.860,7708548000,83297456000.000
20130426,1101.112,1137.552,1047.797,1050.012,5513212200,56574719000.000
20130531,1049.325,1251.767,1041.057,1219.167,8526773100,100756272000.000
20130628,1217.117,1236.076,931.366,987.976,5343870700,62498951000.000
20130731,987.491,1108.553,983.655,1033.940,7755898600,77277678000.000
20130830,1039.446,1179.587,1037.602,1126.985,7691072000,79438320000.000
20130930,1129.941,1247.870,1124.447,1161.964,12353458300,120177920000.000
20131031,1163.470,1222.399,1096.893,1142.840,10836068100,88787594000.000
20131129,1145.155,1376.728,1098.769,1364.515,15765461000,168243970000.000
20131231,1331.425,1340.738,1173.371,1249.202,10400171800,113904169000.000
20140130,1248.785,1259.536,1147.435,1249.064,7737688500,77572260000.000
20140228,1240.929,1357.854,1197.606,1242.174,9095445700,98046091000.000
20140331,1249.990,1283.189,1170.271,1178.229,9549225200,88306531000.000
20140430,1174.033,1254.277,1143.266,1171.521,8485725400,75839270000.000
20140530,1174.122,1218.954,1160.021,1216.910,7133998400,64144940000.000
20140630,1218.678,1350.278,1194.691,1343.728,9239342400,86892476000.000
20140731,1351.032,1486.930,1335.161,1484.160,18594301000,242655680000.000
20140829,1483.751,1629.610,1469.763,1629.610,15531613000,222145320000.000
20140930,1643.112,1998.511,1643.112,1978.521,24978780000,371584410000.000
20141031,1980.746,2132.787,1942.113,2076.445,20730768000,301482240000.000
20141128,2087.412,2130.092,1904.081,2050.678,14225192000,232900380000.000
20141231,2050.785,2303.636,1928.270,1973.315,35714811000,557111170000.000
20150130,1994.363,2324.943,1961.606,2208.679,17194418000,220567820000.000
20150227,2171.289,2307.277,2066.839,2292.360,7618395900,94367522000.000
20150331,2308.734,2852.471,2279.370,2816.889,15404058000,230329790000.000
20150430,2820.175,3802.839,2812.898,3639.636,17313332000,480584640000.000
20150529,3642.062,5564.145,3313.795,5246.263,6084648300,144294400000.000
20150630,5271.445,6095.149,4011.792,4661.581,21006519000,481808660000.000
20150731,4607.337,4751.846,2484.638,3790.151,24544649000,406810090000.000
20150831,3716.971,4509.616,2707.492,3140.519,14196254000,195125680000.000
20150930,3079.399,3176.600,2637.768,2946.944,11437740400,143545590000.000
20151030,3080.236,3859.310,3040.112,3767.166,9266356600,123206524000.000
20151130,3641.907,4288.305,3581.357,3972.278,11589225700,164955830000.000
20151231,3964.664,4265.224,3883.347,4062.172,6585204100,91740206000.000
20160129,4059.360,4087.482,2550.049,2740.157,4756866200,52422059000.000
20160229,2710.994,3096.548,2506.960,2535.930,3930854200,42579224000.000
20160331,2538.466,3196.587,2495.536,3163.476,6214180400,68375398000.000
20160429,3173.870,3404.836,3087.779,3184.289,5077701500,61896470000.000
20160531,3180.195,3334.865,2838.292,3067.507,3146518500,38984031000.000
20160630,3065.337,3231.883,2931.127,3206.544,3940581500,48710177000.000
20160729,3195.779,3370.192,3153.104,3191.752,3798390100,46721887000.000
20160831,3168.346,3347.447,3083.232,3326.978,4540169400,52973490000.000
20160930,3328.531,3440.103,3224.641,3423.337,3456651800,42240193000.000
20161031,3447.789,3686.276,3434.341,3625.122,4710065500,53659149000.000
20161130,3618.597,3989.185,3618.172,3831.129,8248734400,96123503000.000
20161230,3825.510,4273.431,3633.859,4189.123,7658636900,101939267000.000
20170126,4194.150,4513.136,3920.728,4230.378,6161481800,82937378000.000
20170228,4227.961,4494.519,4212.892,4393.213,4847262700,68946137000.000
20170331,4398.234,4508.550,4252.321,4287.685,5512690000,85392979000.000
20170428,4272.249,4449.476,3761.258,3920.431,5181333300,68515813000.000
20170531,3896.908,3951.958,3270.425,3375.049,3442743300,45093220000.000
20170630,3361.370,3605.409,3222.715,3583.434,3410506800,44636682000.000
20170731,3574.167,3660.997,3293.068,3450.264,3838140700,50105522000.000
20170831,3448.209,3597.366,3380.009,3594.443,4011780000,53497471000.000
20170929,3610.475,3641.590,3477.240,3496.695,3564329400,49718313000.000
20171031,3529.106,3594.774,3430.897,3508.112,4318779800,52660504000.000
20171130,3500.469,3540.422,3145.831,3184.857,7051636200,87344878000.000
20171229,3190.738,3220.988,3048.842,3139.491,4701729600,56151312000.000
20180131,3144.154,3205.466,2956.574,2970.818,5317399400,62909046000.000
20180228,2972.596,2977.023,2553.293,2805.714,2605854100,27401748000.000
20180330,2785.537,2954.386,2678.112,2909.291,3526477500,42633205000.000
20180427,2904.476,2922.643,2736.165,2771.789,1915119500,21638333000.000
20180531,2777.528,2867.452,2644.955,2710.432,2483726800,26294702000.000
20180629,2706.837,2706.837,2155.053,2213.706,2411426000,25655188000.000
20180731,2219.446,2319.327,2050.181,2286.660,3056507100,24411276000.000
20180831,2272.509,2299.422,1908.008,1975.977,4583556700,31617359000.000
20180928,1955.155,2020.526,1882.321,1957.584,2929501900,18608398000.000
20181031,1939.073,1939.073,1568.394,1770.089,3227647600,18873268000.000
20181130,1773.538,2055.754,1771.518,1879.638,4478571700,30103988000.000
20181228,1925.344,2051.539,1841.794,1854.335,3883656800,27817684000.000
20190131,1858.889,2018.733,1779.922,1789.273,3841555600,27336536000.000
20190228,1796.863,2212.772,1796.863,2174.006,4292703800,31370746000.000
20190329,2178.645,2479.954,2159.635,2373.194,8952213000,69661263000.000
20190430,2385.098,2604.669,2278.257,2312.588,7606206300,58810020000.000
20190531,2226.342,2270.795,2094.667,2196.735,3093297800,24475091000.000
20190628,2188.622,2299.557,2068.499,2252.129,2516370000,19495857000.000
20190731,2287.972,2307.341,2106.690,2208.968,6564092900,71522830000.000
20190830,2194.619,2231.305,2055.414,2163.804,7431334100,91082068000.000
20190930,2159.455,2415.905,2159.455,2197.352,6099377000,60336574000.000
20191031,2203.304,2272.877,2117.676,2120.868,3226169500,28495012000.000
20191129,2108.358,2145.305,2018.867,2034.990,3317173500,30069071000.000
20191231,2036.946,2199.450,2008.587,2185.814,4210976300,34309779000.000
20200123,2194.427,2361.586,2156.458,2167.955,5020858800,44605713000.000
20200228,1929.759,2260.089,1796.149,2043.564,8026605100,62519079000.000
20200331,2060.396,2403.589,1976.012,2065.444,10603117900,80733766000.000
20200430,2056.058,2174.369,1966.811,2062.108,5303340800,39955376000.000
20200529,2040.587,2126.844,2000.827,2052.499,3573315300,30663654000.000
20200630,2058.761,2223.822,2058.761,2193.519,5530955900,46126419000.000
20200731,2200.857,2551.418,2180.440,2429.943,10483184400,85952234000.000
20200831,2445.243,2634.313,2442.572,2613.739,7921624100,69601628000.000
20200930,2598.535,2641.509,2360.708,2367.513,4630889000,46862693000.000
20201030,2395.059,2492.507,2395.059,2407.401,2583265400,27768188000.000
20201130,2410.264,2534.672,2386.207,2436.872,6732680600,63537529000.000
20201231,2424.100,2453.397,2182.388,2208.580,5600659800,54407520000.000
20210129,2205.293,2312.189,2058.718,2126.894,12912664700,111164601000.000
20210226,2116.787,2237.733,2020.832,2187.439,5586417300,52983765000.000
20210331,2188.495,2267.017,2131.715,2187.525,5980384500,60563985000.000
20210409,2176.306,2242.628,2158.143,2218.719,1143450420,13530664000.000
