20070831,1007.802,1090.319,941.288,1090.319,3882097400,44625696000.000
20070928,1098.982,1136.197,1042.637,1104.229,3004071900,37248313000.000
20071031,1123.548,1135.755,869.398,953.794,1673984900,22641808000.000
20071130,967.591,972.540,893.744,924.084,1404316800,16310360000.000
20071228,923.340,1126.310,923.340,1116.450,1844115800,23773341000.000
20080131,1122.406,1240.303,1027.168,1027.168,2542795000,34019172000.000
20080229,1024.322,1146.043,975.950,1133.254,1459033900,17667188000.000
20080331,1129.194,1180.824,920.326,920.326,2608715700,27266443000.000
20080430,916.814,916.814,691.325,844.347,1509534200,14635450000.000
20080530,848.522,955.923,790.393,812.912,1854855400,17454507000.000
20080630,808.013,817.798,632.033,661.593,962188860,8033273700.000
20080731,658.612,743.228,644.030,702.178,1542070900,12450771100.000
20080829,695.943,709.128,531.758,548.257,689464810,5164457700.000
20080926,543.650,543.650,421.155,492.645,1607891700,12796443900.000
20081031,485.823,487.035,378.246,378.246,1404384600,8762184700.000
20081128,375.904,470.895,372.825,448.507,1941365000,10110896800.000
20081231,446.249,540.871,446.249,465.069,2724236900,14330354000.000
20090123,473.062,522.760,473.062,521.089,1205710270,6663051500.000
20090227,526.280,712.595,526.280,614.796,4668811600,30871198000.000
20090331,608.688,725.875,608.688,725.875,3734057700,25873110000.000
20090430,725.932,847.184,703.938,847.184,4504655000,36727181000.000
20090527,857.177,947.091,857.177,913.430,3525154200,31368629000.000
20090630,921.038,967.595,911.234,957.793,3412886300,30529038000.000
20090731,956.189,1091.095,956.189,1037.158,4788203400,44203587000.000
20090831,1042.307,1078.446,885.217,928.115,3355830300,29110192000.000
20090930,917.727,1122.629,909.929,1009.724,3210999200,30534664000.000
20091030,1022.214,1142.093,1022.214,1130.593,2474804000,25085245000.000
20091130,1115.737,1402.364,1115.737,1334.062,5291978800,52523091000.000
20091231,1336.640,1403.496,1259.638,1379.790,3601271300,37183580000.000
20100129,1387.666,1487.384,1302.115,1352.399,3069596400,38945163000.000
20100226,1347.336,1437.010,1311.938,1429.663,1548495300,17692902000.000
20100331,1427.366,1472.493,1376.457,1458.877,2936188900,32266376000.000
20100430,1458.947,1598.338,1406.183,1406.183,2927478200,37344195000.000
20100531,1382.281,1462.155,1221.413,1305.785,1924620200,21794688000.000
20100630,1292.023,1367.244,1192.874,1192.874,1532579300,15817844000.000
20100730,1190.679,1375.306,1152.094,1371.987,2130252500,19387598000.000
20100831,1373.938,1549.200,1373.790,1549.200,2985826500,30992367000.000
20100930,1549.475,1636.220,1528.575,1615.968,2647802000,29675684000.000
20101029,1625.282,1650.107,1519.761,1638.953,2581996500,30543631000.000
20101130,1646.748,1824.003,1646.748,1749.239,3476992000,46399410000.000
20101231,1750.097,1813.867,1632.014,1685.041,2228192600,42682408000.000
20110131,1698.692,1726.719,1532.968,1616.892,1540287100,25862866000.000
20110228,1611.312,1730.180,1594.896,1724.915,2318221000,34202108000.000
20110331,1725.067,1752.466,1643.898,1648.301,3383028300,48753295000.000
20110429,1646.764,1717.734,1527.647,1542.121,2800686200,44200384000.000
20110531,1543.588,1571.083,1416.379,1452.407,2005350500,30339309000.000
20110630,1450.844,1483.109,1368.489,1463.206,2057710000,28406403000.000
20110729,1471.165,1603.637,1462.831,1523.689,2233479200,31140815000.000
20110831,1522.916,1551.039,1362.061,1509.833,1749903700,25155429000.000
20110930,1511.770,1516.643,1311.306,1325.622,862369610,11423317600.000
20111031,1329.417,1380.546,1261.206,1379.053,777820150,11165735000.000
20111130,1367.041,1462.956,1355.180,1373.666,1457946700,22120296000.000
20111230,1403.199,1420.752,1109.885,1166.722,1006010490,14456493000.000
20120131,1171.066,1173.136,1043.238,1073.235,1106120100,12210709000.000
20120229,1068.110,1222.732,1064.768,1190.765,2161513900,22086284000.000
20120330,1186.769,1300.792,1106.803,1117.195,2743008200,31691451000.000
20120427,1118.919,1246.319,1116.119,1211.488,1914602300,22946378000.000
20120531,1222.845,1280.534,1193.310,1228.881,2597320700,31203211000.000
20120629,1229.495,1258.992,1178.621,1220.085,1756214500,24835915000.000
20120731,1223.745,1288.141,1133.392,1135.995,2064880600,29844226000.000
20120831,1135.788,1233.199,1120.663,1138.284,1913181000,25574419000.000
20120928,1132.706,1207.813,1076.935,1121.036,1372581900,19089904000.000
20121031,1116.972,1176.661,1111.636,1128.234,1997247700,16257152000.000
20121130,1128.234,1145.054,952.008,967.528,1270872540,12453492600.000
20121231,969.463,1136.487,921.174,1136.487,2446002400,25596647000.000
20130131,1137.675,1216.492,1116.661,1200.944,3060913800,35455317000.000
20130228,1197.881,1311.999,1191.424,1286.257,1957667800,26655528000.000
20130329,1281.111,1370.234,1250.331,1318.374,3144675400,41113267000.000
20130426,1313.404,1326.284,1215.469,1230.337,1909684100,29385621000.000
20130531,1220.722,1383.970,1210.606,1362.396,3253709700,47120471000.000
20130628,1362.831,1368.148,1080.507,1159.697,1995633900,31754952000.000
20130731,1153.077,1290.589,1151.665,1240.319,2658179800,43208503000.000
20130830,1240.680,1389.276,1237.790,1343.352,3444080000,45812194000.000
20130930,1348.053,1505.335,1342.440,1502.412,3067978700,50879887000.000
20131031,1499.060,1658.323,1392.154,1425.428,3453702800,56734320000.000
20131129,1413.311,1521.340,1337.290,1519.540,3057424700,55118335000.000
20131231,1476.385,1556.534,1424.228,1503.549,3425907100,56721663000.000
20140130,1500.060,1517.031,1403.631,1483.750,2743541700,51634176000.000
20140228,1470.820,1612.443,1467.531,1520.418,3063401800,59896726000.000
20140331,1517.479,1568.356,1457.610,1466.882,3214180500,52565774000.000
20140430,1463.629,1554.513,1379.776,1419.639,2653148500,46522676000.000
20140530,1418.902,1452.868,1381.523,1426.450,1893958100,32225076000.000
20140630,1433.334,1472.556,1377.390,1472.556,2205664000,37635297000.000
20140731,1478.551,1554.583,1470.137,1554.474,4009374900,62710094000.000
20140829,1550.587,1648.726,1546.923,1623.005,4383471200,59992476000.000
20140930,1622.824,1786.027,1622.644,1786.027,4944935300,77161043000.000
20141031,1787.574,1827.035,1725.568,1780.658,4308364200,75648094000.000
20141128,1780.592,1866.256,1739.951,1855.528,5821564600,103657264000.000
20141231,1858.343,1956.925,1767.294,1836.126,10209680600,174146660000.000
20150130,1835.176,1992.127,1817.928,1933.721,7135001700,116199372000.000
20150227,1919.563,2032.737,1908.179,2030.444,3760730300,64933730000.000
20150331,2032.124,2553.556,2021.036,2530.814,11418394500,188327830000.000
20150430,2530.102,2982.925,2524.882,2960.791,12484184100,245927190000.000
20150529,2972.634,4171.614,2843.187,3843.139,12371840800,277217040000.000
20150630,3858.923,4525.395,3281.369,3724.224,15862699000,342382850000.000
20150731,3684.156,4101.143,2448.984,3630.281,16577503000,278604630000.000
20150831,3568.297,4075.439,2744.381,3009.947,10904450700,191575710000.000
20150930,2946.515,2973.204,2558.996,2806.971,8624941900,117637139000.000
20151030,2886.709,3303.658,2870.595,3268.853,12077637400,179216200000.000
20151130,3186.680,3748.383,3157.548,3573.152,14906224000,224043140000.000
20151231,3568.149,4252.004,3446.153,4174.037,14557191000,235965380000.000
20160129,4153.799,4153.799,2676.002,2827.680,8873174900,129865301000.000
20160229,2812.627,3175.955,2688.283,2721.090,6314647900,84850181000.000
20160331,2723.345,3425.698,2688.592,3381.621,9782710600,142185180000.000
20160429,3351.090,3619.673,3272.865,3422.266,8827595600,127081486000.000
20160531,3418.550,3639.518,3257.632,3438.073,9350279300,129452572000.000
20160630,3436.170,3612.654,3348.926,3602.829,9863760800,130130506000.000
20160729,3610.619,3916.682,3607.530,3694.487,11335781900,164834280000.000
20160831,3673.001,3957.851,3587.250,3881.074,10120811500,161035500000.000
20160930,3876.994,3901.176,3741.634,3852.233,7552975100,113749455000.000
20161031,3865.817,4087.527,3862.573,4082.335,8248151800,120999689000.000
20161130,4092.265,4300.977,4091.467,4169.070,13433760000,220253540000.000
20161230,4174.594,4177.408,3890.414,4002.715,10112207300,159318290000.000
20170126,4005.980,4066.350,3601.856,3788.340,5423293100,81839740000.000
20170228,3795.917,3957.826,3760.829,3929.613,5942791100,95451993000.000
20170331,3940.671,4135.221,3886.829,3910.950,8883311800,164451930000.000
20170428,3904.492,3977.832,3551.065,3653.602,5759742400,87543154000.000
20170531,3643.163,3657.765,3194.520,3275.642,5321916200,79478715000.000
20170630,3264.903,3516.381,3152.156,3479.819,7394322200,111882559000.000
20170731,3478.257,3528.578,3207.072,3390.978,7326875400,107040038000.000
20170831,3389.886,3518.120,3327.196,3517.125,8156243800,118320419000.000
20170929,3518.148,3672.488,3498.030,3669.599,7921924800,115616365000.000
20171031,3697.469,3768.911,3628.232,3675.851,6327897700,100292056000.000
20171130,3672.794,3715.727,3350.274,3385.041,8517495800,153623390000.000
20171229,3391.311,3402.620,3250.011,3383.031,5390972200,91387469000.000
20180131,3384.801,3447.889,3299.202,3314.824,6978533800,121064669000.000
20180228,3294.204,3304.230,2903.648,3092.746,5349140400,70095353000.000
20180330,3083.476,3281.506,3018.392,3215.657,7402371900,113997440000.000
20180427,3228.699,3329.509,3121.001,3136.034,5313911100,99251969000.000
20180531,3139.044,3631.424,3101.214,3623.810,10115050800,188254940000.000
20180629,3599.836,3628.449,3053.410,3146.699,8757431900,146051640000.000
20180731,3141.879,3189.442,2873.433,3118.580,7914933900,116518217000.000
20180831,3128.776,3135.645,2738.286,2814.825,6845871500,107113042000.000
20180928,2810.252,2916.326,2733.800,2885.727,4650127200,72392500000.000
20181031,2842.192,2850.043,2438.943,2586.455,5462380400,83881973000.000
20181130,2593.098,2860.236,2588.767,2697.673,7005308600,80232160000.000
20181228,2744.231,2796.413,2600.346,2635.485,4977645700,63814381000.000
20190131,2641.643,2802.986,2561.057,2611.576,5362613100,68566410000.000
20190228,2618.265,3086.686,2618.265,3063.378,7356574100,96400389000.000
20190329,3070.682,3445.097,3052.836,3444.678,14358354000,185316600000.000
20190430,3456.824,3629.546,3390.592,3459.848,13264093400,184163730000.000
20190531,3367.848,3646.063,3253.164,3463.840,14898514000,186731710000.000
20190628,3463.677,3673.139,3327.834,3661.702,11676154100,158671360000.000
20190731,3715.016,3917.010,3419.899,3509.731,13182296500,188327140000.000
20190830,3493.772,3543.718,3240.634,3473.424,11018508200,169707330000.000
20190930,3472.883,3657.970,3472.883,3499.363,10625148300,167418020000.000
20191031,3501.948,3681.331,3432.048,3590.374,9792589000,139581880000.000
20191129,3569.034,3649.345,3418.915,3445.431,8708710800,141940170000.000
20191231,3443.316,3675.189,3405.253,3675.162,8789066900,135634980000.000
20200123,3689.858,3819.598,3488.776,3520.216,9239944200,134914260000.000
20200228,3185.832,3838.946,3059.148,3642.430,14129721000,202323860000.000
20200331,3662.507,4197.345,3550.222,4197.345,19133930000,267683510000.000
20200430,4176.577,4521.826,4020.674,4193.057,23508841000,290542680000.000
20200529,4154.694,4959.973,4148.261,4922.668,19046442000,270499220000.000
20200630,4954.711,5086.585,4718.678,5086.585,16627637000,279628380000.000
20200731,5100.169,5769.389,5067.755,5712.444,24200287000,455837070000.000
20200831,5737.937,6656.801,5653.032,6604.298,21406465000,431430960000.000
20200930,6579.735,6641.846,5550.718,5615.064,13969502000,329063420000.000
20201030,5689.762,5896.754,5474.924,5482.073,7576175000,206199930000.000
20201130,5472.977,5702.225,5398.399,5465.320,10955579300,257455010000.000
20201231,5454.123,5948.171,5342.591,5477.665,15028665000,362765980000.000
20210129,5489.228,5978.218,5307.634,5371.539,15219154000,419974990000.000
20210226,5356.743,5550.128,5129.429,5171.356,8410626900,263133460000.000
20210331,5181.075,5256.950,4845.451,5095.808,9530484000,248149830000.000
20210409,5085.852,5273.384,5082.599,5206.448,2687698100,63999423000.000
