20070831,1004.836,1053.079,933.213,1053.079,5295490500,109444559000.000
20070928,1065.099,1107.625,988.475,1107.625,4188114600,93579114000.000
20071031,1124.618,1147.378,983.753,1051.261,2815747900,72809625000.000
20071130,1052.929,1052.929,928.238,948.444,1982783000,42835261000.000
20071228,943.813,1178.650,943.813,1178.650,2962164300,69068403000.000
20080131,1183.133,1302.293,1075.973,1075.973,4470480000,112105493000.000
20080229,1074.266,1164.191,1028.261,1141.498,1863140600,45857656000.000
20080331,1137.791,1201.445,902.540,902.540,2824811100,63284834000.000
20080430,896.153,906.332,755.243,906.332,3037241600,60509607000.000
20080530,916.534,969.937,857.366,872.207,2718990500,50349401000.000
20080630,868.944,879.621,628.149,650.722,1960854900,29673059000.000
20080731,653.518,754.147,636.943,714.907,2389027100,33010954000.000
20080829,710.209,721.769,547.991,569.287,1508033200,20342819000.000
20080926,565.226,565.226,450.545,487.512,1933179500,24122430000.000
20081031,475.803,475.803,371.583,374.947,1979282200,19036567000.000
20081128,369.854,461.310,365.717,429.803,3734096500,34738805000.000
20081231,428.512,518.813,428.512,460.470,4241830600,39722597000.000
20090123,467.618,513.219,467.618,502.977,2763743300,32163925000.000
20090227,506.453,641.928,506.453,549.590,7050676800,86717701000.000
20090331,542.694,640.300,542.694,640.300,5423615600,65913294000.000
20090430,642.052,739.009,639.013,688.357,7106294100,94798617000.000
20090527,692.249,764.088,692.249,740.168,5265197700,68981018000.000
20090630,742.761,835.684,742.761,822.616,7441434000,105697190000.000
20090731,819.251,978.987,819.251,958.968,9769278900,139394530000.000
20090831,966.436,1014.495,807.724,830.616,6560782300,101488643000.000
20090930,823.963,962.826,823.963,867.554,5898861500,90434534000.000
20091030,878.127,968.376,878.127,949.985,4124397700,68166994000.000
20091130,933.724,1170.077,933.724,1136.841,8603609000,145094810000.000
20091231,1135.002,1183.570,1080.446,1183.570,5977126000,116672456000.000
20100129,1188.792,1258.160,1125.172,1159.702,5148792800,101574724000.000
20100226,1157.325,1224.411,1141.347,1222.092,2709385600,49196213000.000
20100331,1221.658,1239.532,1161.635,1214.471,3865162600,73044524000.000
20100430,1214.787,1381.505,1214.787,1246.660,5687130900,118738188000.000
20100531,1223.223,1290.550,1067.821,1174.622,3454675600,63860453000.000
20100630,1159.992,1258.767,1116.891,1122.052,3091265600,55369686000.000
20100730,1122.432,1307.194,1085.613,1294.508,3852686100,68190036000.000
20100831,1294.395,1453.253,1294.395,1453.253,5600875000,108217717000.000
20100930,1452.628,1584.817,1435.930,1564.538,4953880600,103821993000.000
20101029,1571.409,1618.963,1479.175,1615.355,6158184700,136262150000.000
20101130,1623.269,1803.836,1589.917,1732.732,8174426700,210148210000.000
20101231,1720.972,1744.303,1493.450,1589.153,4535311000,129707188000.000
20110131,1598.191,1636.516,1391.459,1469.373,3290007500,84418337000.000
20110228,1469.365,1602.922,1446.951,1586.416,2941638700,73072419000.000
20110331,1587.338,1658.460,1550.910,1602.736,5237559800,129283918000.000
20110429,1601.657,1634.917,1530.422,1563.831,3889852700,95015615000.000
20110531,1563.187,1647.882,1471.462,1512.073,3227584000,83974019000.000
20110630,1510.379,1579.080,1444.092,1570.777,3048448200,85906741000.000
20110729,1575.260,1779.365,1545.231,1705.299,4031224400,104459948000.000
20110831,1697.942,1784.057,1572.307,1734.370,4786880600,121834517000.000
20110930,1739.135,1774.648,1459.990,1474.328,2244674000,60696385000.000
20111031,1478.473,1616.996,1409.552,1524.926,1851337200,49018160000.000
20111130,1513.539,1639.678,1414.230,1549.201,3124329200,77158204000.000
20111230,1580.453,1600.690,1144.591,1236.876,2591332600,65015027000.000
20120131,1242.258,1246.552,1125.977,1225.686,2618867600,59735181000.000
20120229,1225.477,1431.170,1209.059,1416.584,4556959800,105250407000.000
20120330,1411.261,1629.359,1405.941,1420.224,7202579400,150830650000.000
20120427,1417.189,1570.104,1412.069,1554.187,4990149600,92102906000.000
20120531,1567.962,1729.650,1543.445,1668.089,8350172500,165695570000.000
20120629,1666.754,1697.684,1541.418,1620.633,5157084700,102184147000.000
20120731,1627.520,1730.268,1438.148,1439.862,6757870800,168281150000.000
20120831,1429.782,1552.948,1329.426,1360.474,4008912100,100244753000.000
20120928,1365.035,1454.784,1302.806,1369.918,2947336800,69418516000.000
20121031,1368.700,1455.466,1341.495,1363.791,3099596300,69093393000.000
20121130,1355.608,1413.490,1102.637,1120.549,4890551900,93144907000.000
20121231,1118.681,1263.881,1032.622,1258.889,6764185300,155164960000.000
20130131,1263.205,1320.444,1178.183,1204.880,6128356300,144919960000.000
20130228,1203.675,1302.659,1184.645,1242.384,4904302600,100051867000.000
20130329,1238.834,1319.118,1110.194,1120.146,5417758900,116082457000.000
20130426,1116.225,1145.265,1046.703,1048.155,3819663900,76359509000.000
20130531,1044.584,1176.036,1026.397,1144.838,5373533400,101992365000.000
20130628,1143.901,1149.139,911.737,953.718,3262907800,60711690000.000
20130731,951.631,1026.745,939.354,980.795,4577536700,82251965000.000
20130830,979.972,1048.483,978.179,1033.354,4608173200,73995772000.000
20130930,1027.373,1066.610,986.135,992.279,4371514200,79744462000.000
20131031,990.486,1039.684,904.886,941.606,3868348700,60273426000.000
20131129,937.080,995.863,917.574,986.808,3933762700,61656596000.000
20131231,972.838,998.603,912.258,950.269,3811900600,57492284000.000
20140130,945.695,945.695,865.670,865.962,3576577100,58203448000.000
20140228,864.040,935.366,857.276,876.609,3465804200,54212259000.000
20140331,874.143,928.187,858.242,870.835,4723886100,76547910000.000
20140430,869.936,918.468,841.784,853.302,3293287900,54053273000.000
20140530,851.168,872.427,829.379,851.547,2331788300,35000770000.000
20140630,851.626,854.420,825.313,851.369,2777917700,36757680000.000
20140731,850.810,930.462,847.937,930.273,5166960200,74948843000.000
20140829,926.661,1001.438,919.962,998.527,5715536500,77941369000.000
20140930,1001.401,1075.978,998.350,1073.147,6116168300,83821291000.000
20141031,1072.894,1079.690,1004.465,1062.866,4747699300,66863449000.000
20141128,1060.806,1110.253,1045.504,1094.201,6631687500,107211428000.000
20141231,1094.953,1194.966,1094.132,1156.502,11949343500,221989920000.000
20150130,1153.908,1210.574,1090.929,1152.483,7725073800,139661790000.000
20150227,1141.656,1161.190,1095.060,1160.279,3814425600,70231700000.000
20150331,1162.428,1327.970,1151.645,1314.275,11438089400,201236590000.000
20150430,1312.602,1577.761,1310.212,1535.597,14877148000,321685090000.000
20150529,1541.867,1907.866,1454.597,1787.442,14987157000,322077670000.000
20150630,1800.748,2276.109,1673.774,1891.503,18593026000,467317940000.000
20150731,1862.968,1940.357,1196.620,1562.046,17869329000,381615370000.000
20150831,1537.005,1772.216,1206.306,1300.279,11991623200,214455060000.000
20150930,1282.000,1344.845,1155.163,1235.594,7001776500,106840320000.000
20151030,1277.858,1446.766,1272.698,1429.811,7064430400,106049975000.000
20151130,1403.543,1635.932,1396.108,1516.412,10952945800,188125670000.000
20151231,1513.051,1715.765,1505.677,1654.885,9789815400,183341140000.000
20160129,1648.614,1650.051,1176.603,1235.255,6072522100,102038030000.000
20160229,1236.891,1372.208,1198.315,1216.478,4479444600,77040873000.000
20160331,1219.283,1495.538,1204.888,1480.788,7197231700,137667700000.000
20160429,1474.945,1559.977,1444.302,1550.917,6793870600,123010554000.000
20160531,1549.534,1666.799,1509.677,1611.061,9186862200,168728750000.000
20160630,1614.807,1801.477,1611.062,1779.640,8484316400,170372260000.000
20160729,1776.754,1962.798,1754.955,1824.226,10340562200,231941860000.000
20160831,1808.624,1875.405,1740.199,1841.345,9534684400,184758720000.000
20160930,1840.667,1844.625,1737.817,1793.226,5562486100,111609157000.000
20161031,1802.560,1964.056,1800.215,1910.832,6119036600,120578293000.000
20161130,1910.538,1979.047,1893.259,1917.109,8070406100,166319590000.000
20161230,1916.756,1948.690,1821.053,1889.567,6900157500,152215850000.000
20170126,1890.875,1961.110,1748.691,1859.871,4612311700,108639420000.000
20170228,1861.530,2025.602,1852.536,1963.283,5480183200,123530421000.000
20170331,1967.070,2056.882,1938.542,1950.428,7130458200,171446330000.000
20170428,1958.281,1988.753,1807.211,1837.443,5134244500,136244370000.000
20170531,1828.304,1846.302,1673.677,1726.194,3979399900,107211911000.000
20170630,1719.664,1858.777,1680.089,1847.302,5345066700,148075990000.000
20170731,1845.401,1969.373,1750.113,1950.430,5872417800,161679960000.000
20170831,1948.228,2050.698,1893.814,1965.205,6266564100,181273750000.000
20170929,1962.245,2064.448,1919.309,2040.973,4907414600,157931130000.000
20171031,2054.593,2161.491,2041.501,2114.507,5087509800,172364590000.000
20171130,2114.748,2191.226,1934.647,1951.349,5557354400,282564280000.000
20171229,1951.573,2065.671,1933.095,2049.403,4474971100,226443640000.000
20180131,2048.848,2211.207,2034.857,2082.076,6153833600,305011440000.000
20180228,2066.789,2066.789,1753.171,1852.807,3468381900,194531750000.000
20180330,1848.363,1937.426,1750.398,1831.095,4366052300,209187850000.000
20180427,1832.766,1888.462,1772.409,1789.731,4142377400,162024640000.000
20180531,1794.247,2158.887,1787.657,2141.768,7128492700,256417700000.000
20180629,2132.711,2163.578,1808.954,1869.843,7329721200,268252600000.000
20180731,1868.471,1937.115,1732.173,1891.348,6507768000,221569830000.000
20180831,1890.459,1896.356,1609.234,1641.806,5235669300,206093800000.000
20180928,1636.450,1727.777,1576.600,1709.464,4276216500,156461330000.000
20181031,1678.128,1679.585,1325.680,1397.891,4754378800,205377400000.000
20181130,1406.080,1531.977,1406.080,1480.102,5374797800,158699920000.000
20181228,1512.628,1562.986,1414.108,1435.044,3810548700,120928470000.000
20190131,1440.066,1557.808,1381.048,1471.799,5226128300,174675520000.000
20190228,1479.611,1754.598,1477.661,1723.921,5501827000,178294700000.000
20190329,1728.908,2018.004,1724.799,2012.962,11525281700,359199410000.000
20190430,2016.161,2186.991,1968.574,2015.075,10262689300,376940920000.000
20190531,1965.038,2063.117,1870.388,1936.158,8979041500,344662930000.000
20190628,1932.304,2096.860,1815.046,2067.383,6256408300,265377230000.000
20190731,2100.150,2212.023,1946.207,1999.353,7775980400,344627510000.000
20190830,1992.816,2072.574,1866.268,2033.969,5838075500,309109650000.000
20190930,2028.006,2113.206,2006.172,2026.408,6552910000,308289720000.000
20191031,2027.339,2062.897,1951.608,1989.495,4386471300,223452300000.000
20191129,1988.844,2045.252,1913.865,1929.601,4550227400,240179110000.000
20191231,1927.893,2038.138,1904.596,2037.242,4547137700,227628730000.000
20200123,2037.950,2122.416,1949.123,1961.663,4347647600,254959890000.000
20200228,1780.144,1930.666,1680.730,1796.079,5851055900,291319670000.000
20200331,1794.995,1956.261,1655.554,1822.016,7032541500,352515130000.000
20200430,1817.678,1933.896,1784.815,1892.586,7371736100,260990750000.000
20200529,1881.658,2120.932,1880.599,2120.932,6787779700,264747770000.000
20200630,2131.698,2350.516,2103.424,2349.571,8756566100,353237810000.000
20200731,2350.898,2792.343,2349.602,2576.969,14326103000,744337150000.000
20200831,2595.668,2954.022,2482.326,2903.414,10744591200,498309470000.000
20200930,2903.619,2925.254,2543.903,2579.328,7835878200,452470040000.000
20201030,2608.140,2886.581,2602.474,2766.727,5770552700,360429440000.000
20201130,2760.910,3441.810,2760.910,3167.633,17572704000,671366070000.000
20201231,3160.522,4472.040,3104.356,4169.220,26855152000,953402000000.000
20210129,4186.086,4485.649,3672.308,3718.017,16938696000,1002508720000.000
20210226,3699.750,3839.098,3396.316,3474.789,8539854800,718029810000.000
20210331,3494.206,3700.062,3225.635,3593.300,12161589900,796489240000.000
20210409,3598.396,3748.699,3598.396,3648.412,2494582000,175190540000.000
